20171128,0000,XBJZ17,1094300,1109300,1100800,1105800,48695
20171128,0100,XBJZ17,1105800,1108700,1102000,1102000,33264
20171128,0200,XBJZ17,1102000,1104700,1099700,1102900,68080
20171128,0300,XBJZ17,1102900,1102900,1102900,1102900,0
20171128,0400,XBJZ17,1102900,1107600,1103400,1106400,6700
20171128,0500,XBJZ17,1106400,1124100,1105800,1124100,91767
20171128,0600,XBJZ17,1124100,1138600,1124200,1138500,148679
20171128,0700,XBJZ17,1138500,1141300,1119600,1135100,267051
20171128,0800,XBJZ17,1135100,1144500,1135400,1144500,41927
20171128,0900,XBJZ17,1144500,1141800,1130900,1134900,92970
20171128,1000,XBJZ17,1134900,1141600,1135400,1136000,67121
20171128,1100,XBJZ17,1136000,1140800,1135400,1139100,44235
20171128,1200,XBJZ17,1139100,1151400,1138500,1149200,184570
20171128,1300,XBJZ17,1149200,1151900,1137000,1141900,182696
20171128,1400,XBJZ17,1141900,1141800,1123700,1137300,273930
20171128,1500,XBJZ17,1137300,1152100,1123000,1149600,228600
20171128,1600,XBJZ17,1149600,1149800,1139300,1146900,115744
20171128,1700,XBJZ17,1146900,1148500,1143000,1147900,63400
20171128,1800,XBJZ17,1147900,1149900,1146900,1149900,23759
20171128,1900,XBJZ17,1149900,1152500,1149900,1151100,6843
20171128,2000,XBJZ17,1151100,1161400,1137100,1161400,128523
20171128,2100,XBJZ17,1161400,1161200,1147600,1150700,52034
20171128,2200,XBJZ17,1150700,1152700,1148800,1152700,11513
20171128,2300,XBJZ17,1152700,1157300,1152700,1153900,24100
20171129,0000,XBJZ17,1153900,1155500,1154100,1155500,9800
20171129,0100,XBJZ17,1155500,1167300,1157500,1165200,107692
20171129,0200,XBJZ17,1165200,1189100,1168100,1184700,341323
20171129,0300,XBJZ17,1184700,1206400,1180400,1204300,153558
20171129,0400,XBJZ17,1204300,1251500,1200800,1223800,294871
20171129,0500,XBJZ17,1223800,1253600,1207300,1246400,232992
20171129,0600,XBJZ17,1246400,1274500,1214700,1238000,276865
20171129,0700,XBJZ17,1238000,1251400,1230600,1231000,248226
20171129,0800,XBJZ17,1231000,1242700,1222200,1240300,175622
20171129,0900,XBJZ17,1240300,1261500,1238400,1251700,263873
20171129,1000,XBJZ17,1251700,1262200,1238400,1260700,191327
20171129,1100,XBJZ17,1260700,1274100,1254100,1274000,91140
20171129,1200,XBJZ17,1274000,1282500,1256900,1268100,403226
20171129,1300,XBJZ17,1268100,1284400,1267700,1280700,165904
20171129,1400,XBJZ17,1280700,1337000,1280000,1337000,221032
20171129,1500,XBJZ17,1337000,1349800,1302000,1319100,661782
20171129,1600,XBJZ17,1319100,1349900,1251400,1286900,448652
20171129,1700,XBJZ17,1286900,1311200,1281600,1288100,353739
20171129,1800,XBJZ17,1288100,1284700,1180100,1228800,645746
20171129,1900,XBJZ17,1228800,1245600,1193100,1209300,320440
20171129,2000,XBJZ17,1209300,1205000,983100,1094200,758495
20171129,2100,XBJZ17,1094200,1150000,1077500,1084100,405222
20171129,2200,XBJZ17,1084100,1172100,1084500,1172100,674605
20171129,2300,XBJZ17,1172100,1202400,1153500,1167100,380053
20171130,0000,XBJZ17,1167100,1180900,1134200,1148100,338839
20171130,0100,XBJZ17,1148100,1188100,1147300,1182600,199745
20171130,0200,XBJZ17,1182600,1243500,1180000,1243500,236935
20171130,0300,XBJZ17,1243500,1241700,1223600,1238100,97636
20171130,0400,XBJZ17,1238100,1246800,1234000,1242300,79960
20171130,0500,XBJZ17,1242300,1265300,1242300,1254300,105222
20171130,0600,XBJZ17,1254300,1266000,1213000,1228400,98537
20171130,0700,XBJZ17,1228400,1315200,1133500,1195500,413248
20171130,0800,XBJZ17,1195500,1208300,1173200,1204900,235409
20171130,0900,XBJZ17,1204900,1222000,1201500,1209600,199193
20171130,1000,XBJZ17,1209600,1209900,1165700,1184300,395141
20171130,1100,XBJZ17,1184300,1192600,1116100,1116200,595522
20171130,1200,XBJZ17,1116200,1151300,1109600,1129300,333477
20171130,1300,XBJZ17,1129300,1162700,1115000,1151100,181572
20171130,1400,XBJZ17,1151100,1147900,1014100,1077100,1005716
20171130,1500,XBJZ17,1077100,1103500,1054000,1103400,549339
20171130,1600,XBJZ17,1103400,1106900,1045200,1072000,611148
20171130,1700,XBJZ17,1072000,1092500,1068600,1081300,186578
20171130,1800,XBJZ17,1081300,1110000,1057000,1110000,156380
20171130,1900,XBJZ17,1110000,1132900,1106500,1118800,199952
20171130,2000,XBJZ17,1118800,1140600,1118800,1140600,123698
20171130,2100,XBJZ17,1140600,1140600,1097100,1097100,361167
20171130,2200,XBJZ17,1097100,1141500,1100600,1140000,346559
20171130,2300,XBJZ17,1140000,1170300,1137000,1159400,197997
20171201,0000,XBJZ17,1159400,1200700,1161700,1176400,281055
20171201,0100,XBJZ17,1176400,1207600,1165200,1169800,475091
20171201,0200,XBJZ17,1169800,1171300,1143800,1153500,481941
20171201,0300,XBJZ17,1153500,1154300,1127500,1153600,221064
20171201,0400,XBJZ17,1153600,1153100,1127800,1142400,72479
20171201,0500,XBJZ17,1142400,1157900,1132500,1148100,105115
20171201,0600,XBJZ17,1148100,1150600,1114800,1120200,295061
20171201,0700,XBJZ17,1120200,1131300,1111100,1113200,176185
20171201,0800,XBJZ17,1113200,1117400,1105300,1117200,63302
20171201,0900,XBJZ17,1117200,1151400,1117400,1151300,409254
20171201,1000,XBJZ17,1151300,1177900,1147200,1177900,81350
20171201,1100,XBJZ17,1177900,1183000,1146100,1146100,275650
20171201,1200,XBJZ17,1146100,1168000,1148300,1160400,117650
20171201,1300,XBJZ17,1160400,1201900,1166700,1190200,265900
20171201,1400,XBJZ17,1190200,1252600,1189400,1244500,359631
20171201,1500,XBJZ17,1244500,1286300,1189700,1234400,549537
20171201,1600,XBJZ17,1234400,1239200,1211500,1233800,221178
20171201,1700,XBJZ17,1233800,1238000,1221100,1231800,103000
20171201,1800,XBJZ17,1231800,1226000,1215900,1215900,30700
20171201,1900,XBJZ17,1215900,1224200,1215500,1217800,32000
20171201,2000,XBJZ17,1217800,1229900,1215400,1215500,111200
20171201,2100,XBJZ17,1215500,1260400,1216200,1251500,425821
20171201,2200,XBJZ17,1251500,1283800,1248000,1274200,383340
20171201,2300,XBJZ17,1274200,1283300,1264600,1265800,137438
20171202,0000,XBJZ17,1265800,1278700,1259900,1275600,58210
20171202,0100,XBJZ17,1275600,1290000,1271500,1290000,132400
20171202,0200,XBJZ17,1290000,1303100,1282300,1303100,85002
20171202,0300,XBJZ17,1303100,1306100,1288600,1298200,222571
20171202,0400,XBJZ17,1298200,1297400,1280400,1280400,264448
20171202,0500,XBJZ17,1280400,1285000,1256800,1264000,71439
20171202,0600,XBJZ17,1264000,1279700,1252900,1279700,67101
20171202,0700,XBJZ17,1279700,1279700,1273500,1275600,43726
20171202,0800,XBJZ17,1275600,1289300,1267400,1286700,24379
20171202,0900,XBJZ17,1286700,1288700,1275200,1282300,155092
20171202,1000,XBJZ17,1282300,1301200,1288200,1301100,111294
20171202,1100,XBJZ17,1301100,1307900,1298200,1299900,90122
20171202,1200,XBJZ17,1299900,1297500,1260100,1274900,326456
20171202,1300,XBJZ17,1274900,1289900,1274900,1289900,31906
20171202,1400,XBJZ17,1289900,1297600,1274900,1278500,180246
20171202,1500,XBJZ17,1278500,1283100,1241800,1263000,223806
20171202,1600,XBJZ17,1263000,1266100,1242100,1243500,134097
20171202,1700,XBJZ17,1243500,1259800,1243600,1259800,35905
20171202,1800,XBJZ17,1259800,1271600,1260300,1265000,47236
20171202,1900,XBJZ17,1265000,1280200,1268200,1275000,70515
20171202,2000,XBJZ17,1275000,1277100,1264300,1274300,50764
20171202,2100,XBJZ17,1274300,1276000,1267300,1276000,26000
20171202,2200,XBJZ17,1276000,1291600,1280300,1291600,68690
20171202,2300,XBJZ17,1291600,1287800,1277100,1278300,61291
20171203,0000,XBJZ17,1278300,1281800,1266300,1269300,129953
20171203,0100,XBJZ17,1269300,1276300,1262600,1265700,49008
20171203,0200,XBJZ17,1265700,1274000,1265500,1274000,40604
20171203,0300,XBJZ17,1274000,1280900,1270900,1276300,25200
20171203,0400,XBJZ17,1276300,1281300,1271200,1281300,33106
20171203,0500,XBJZ17,1281300,1296700,1281200,1296700,117483
20171203,0600,XBJZ17,1296700,1295900,1291100,1292900,18973
20171203,0700,XBJZ17,1292900,1301900,1284500,1300100,76010
20171203,0800,XBJZ17,1300100,1313200,1300000,1309800,160328
20171203,0900,XBJZ17,1309800,1310600,1278400,1297600,296311
20171203,1000,XBJZ17,1297600,1318600,1292700,1292700,319128
20171203,1100,XBJZ17,1292700,1304200,1295800,1301900,15522
20171203,1200,XBJZ17,1301900,1356200,1303200,1350200,614007
20171203,1300,XBJZ17,1350200,1373300,1330900,1362600,282138
20171203,1400,XBJZ17,1362600,1370100,1356800,1357800,58661
20171203,1500,XBJZ17,1357800,1370000,1326700,1353700,358749
20171203,1600,XBJZ17,1353700,1370000,1355300,1360500,201078
20171203,1700,XBJZ17,1360500,1382200,1361000,1367500,180147
20171203,1800,XBJZ17,1367500,1371400,1360100,1363000,69032
20171203,1900,XBJZ17,1363000,1368400,1359400,1368000,52100
20171203,2000,XBJZ17,1368000,1389900,1368000,1375800,244576
20171203,2100,XBJZ17,1375800,1386900,1330000,1345600,391877
20171203,2200,XBJZ17,1345600,1359400,1183200,1278000,880961
20171203,2300,XBJZ17,1278000,1321000,1246200,1316300,266937
20171204,0000,XBJZ17,1316300,1330300,1301300,1330300,204301
20171204,0100,XBJZ17,1330300,1342600,1330100,1330200,67233
20171204,0200,XBJZ17,1330200,1377800,1325800,1344500,667629
20171204,0300,XBJZ17,1344500,1345000,1327000,1332700,111002
20171204,0400,XBJZ17,1332700,1342500,1337100,1341000,15454
20171204,0500,XBJZ17,1341000,1366800,1341400,1348200,38046
20171204,0600,XBJZ17,1348200,1350500,1336100,1342100,84117
20171204,0700,XBJZ17,1342100,1347400,1334300,1341900,51216
20171204,0800,XBJZ17,1341900,1364300,1340600,1364100,84338
20171204,0900,XBJZ17,1364100,1364600,1353500,1359200,72020
20171204,1000,XBJZ17,1359200,1368900,1341100,1353500,187765
20171204,1100,XBJZ17,1353500,1347600,1331400,1342200,109938
20171204,1200,XBJZ17,1342200,1344800,1310900,1316300,85840
20171204,1300,XBJZ17,1316300,1355700,1274900,1330200,145014
20171204,1400,XBJZ17,1330200,1332600,1286100,1326500,231081
20171204,1500,XBJZ17,1326500,1346300,1319400,1344400,103171
20171204,1600,XBJZ17,1344400,1344500,1279800,1336800,391950
20171204,1700,XBJZ17,1336800,1334400,1318100,1321600,21500
20171204,1800,XBJZ17,1321600,1342400,1324300,1330400,94607
20171204,1900,XBJZ17,1330400,1324400,1311400,1318400,55822
20171204,2000,XBJZ17,1318400,1320400,1312700,1319900,31820
20171204,2100,XBJZ17,1319900,1353000,1318300,1346500,188547
20171204,2200,XBJZ17,1346500,1360800,1345500,1351500,176122
20171204,2300,XBJZ17,1351500,1354800,1349400,1350500,59666
20171205,0000,XBJZ17,1350500,1374000,1353900,1374000,63469
20171205,0100,XBJZ17,1374000,1380500,1360700,1371800,132485
20171205,0200,XBJZ17,1371800,1372300,1361100,1362800,78466
20171205,0300,XBJZ17,1362800,1378000,1362500,1362500,121409
20171205,0400,XBJZ17,1362500,1369400,1359100,1365700,84264
20171205,0500,XBJZ17,1365700,1361500,1348200,1356000,112523
20171205,0600,XBJZ17,1356000,1363900,1355800,1357100,40906
20171205,0700,XBJZ17,1357100,1366100,1359700,1366000,8695
20171205,0800,XBJZ17,1366000,1387700,1365000,1387300,98726
20171205,0900,XBJZ17,1387300,1394500,1383700,1394200,136861
20171205,1000,XBJZ17,1394200,1391300,1376600,1381100,108011
20171205,1100,XBJZ17,1381100,1381100,1354500,1371000,208025
20171205,1200,XBJZ17,1371000,1375900,1365700,1375900,15740
20171205,1300,XBJZ17,1375900,1383600,1368900,1378900,110828
20171205,1400,XBJZ17,1378900,1408300,1382600,1382600,232923
20171205,1500,XBJZ17,1382600,1394000,1383500,1384000,54906
20171205,1600,XBJZ17,1384000,1393100,1383800,1390700,11600
20171205,1700,XBJZ17,1390700,1389600,1345700,1367300,238400
20171205,1800,XBJZ17,1367300,1373400,1365600,1373400,19790
20171205,1900,XBJZ17,1373400,1376700,1373000,1373000,15000
20171205,2000,XBJZ17,1373000,1381600,1366900,1375000,46630
20171205,2100,XBJZ17,1375000,1385500,1376600,1383500,25373
20171205,2200,XBJZ17,1383500,1382200,1379000,1380600,21600
20171205,2300,XBJZ17,1380600,1383700,1372900,1378400,82883
20171206,0000,XBJZ17,1378400,1378800,1371800,1372700,26620
20171206,0100,XBJZ17,1372700,1390800,1373600,1390800,104241
20171206,0200,XBJZ17,1390800,1407300,1390300,1407300,160237
20171206,0300,XBJZ17,1407300,1427000,1407300,1427000,109836
20171206,0400,XBJZ17,1427000,1439700,1426900,1437000,151909
20171206,0500,XBJZ17,1437000,1431400,1408400,1430100,165935
20171206,0600,XBJZ17,1430100,1436700,1406200,1436700,109944
20171206,0700,XBJZ17,1436700,1457400,1411200,1457200,126098
20171206,0800,XBJZ17,1457200,1463900,1426600,1451100,388777
20171206,0900,XBJZ17,1451100,1462500,1447100,1453300,106040
20171206,1000,XBJZ17,1453300,1477700,1446400,1446400,213716
20171206,1100,XBJZ17,1446400,1524000,1470500,1513200,819398
20171206,1200,XBJZ17,1513200,1521400,1450600,1491800,775121
20171206,1300,XBJZ17,1491800,1503700,1487800,1499200,126549
20171206,1400,XBJZ17,1499200,1508200,1484900,1492700,115339
20171206,1500,XBJZ17,1492700,1509900,1497000,1502400,88838
20171206,1600,XBJZ17,1502400,1502500,1464400,1493200,229101
20171206,1700,XBJZ17,1493200,1495800,1447800,1495700,171797
20171206,1800,XBJZ17,1495700,1505300,1496800,1496800,40425
20171206,1900,XBJZ17,1496800,1518800,1497600,1518800,21059
20171206,2000,XBJZ17,1518800,1553500,1483700,1553500,218411
20171206,2100,XBJZ17,1553500,1564800,1503500,1564400,294915
20171206,2200,XBJZ17,1564400,1579700,1547300,1571800,187921
20171206,2300,XBJZ17,1571800,1657300,1568200,1628900,665319
20171207,0000,XBJZ17,1628900,1641100,1544100,1609800,690699
20171207,0100,XBJZ17,1609800,1686200,1571400,1669100,448478
20171207,0200,XBJZ17,1669100,1701200,1575500,1681600,421000
20171207,0300,XBJZ17,1681600,1686500,1580000,1635600,531209
20171207,0400,XBJZ17,1635600,1659300,1627600,1635900,258193
20171207,0500,XBJZ17,1635900,1675600,1632400,1675600,358399
20171207,0600,XBJZ17,1675600,1702800,1667700,1687600,351514
20171207,0700,XBJZ17,1687600,1711400,1669300,1676500,474842
20171207,0800,XBJZ17,1676500,1695800,1668100,1695800,197375
20171207,0900,XBJZ17,1695800,1759800,1699800,1757000,786860
20171207,1000,XBJZ17,1757000,1799000,1735200,1798900,489900
20171207,1100,XBJZ17,1798900,1818900,1713300,1797800,937530
20171207,1200,XBJZ17,1797800,1818900,1714700,1714700,357486
20171207,1300,XBJZ17,1714700,1776900,1713400,1761600,225629
20171207,1400,XBJZ17,1761600,1799200,1751700,1798600,194105
20171207,1500,XBJZ17,1798600,1871600,1798900,1825500,429245
20171207,1600,XBJZ17,1825500,1888000,1748700,1874800,649236
20171207,1700,XBJZ17,1874800,1999800,1782200,1870800,555405
20171207,1800,XBJZ17,1870800,1908300,1702200,1880900,229926
20171207,1900,XBJZ17,1880900,1947000,1891600,1926600,153989
20171207,2000,XBJZ17,1926600,1928100,1800000,1878300,285665
20171207,2100,XBJZ17,1878300,1918500,1870100,1918400,168134
20171207,2200,XBJZ17,1918400,1993400,1857500,1993300,362486
20171207,2300,XBJZ17,1993300,2220000,1993300,2059900,1278842
20171208,0000,XBJZ17,2059900,2150500,1994200,2120100,338332
20171208,0100,XBJZ17,2120100,2233300,2081300,2149200,274539
20171208,0200,XBJZ17,2149200,2246200,1954100,2090900,472477
20171208,0300,XBJZ17,2090900,2093500,1954100,2083100,653663
20171208,0400,XBJZ17,2083100,2086100,1960300,2086100,362708
20171208,0500,XBJZ17,2086100,2054300,1933700,1937700,207240
20171208,0600,XBJZ17,1937700,1948200,1830000,1948200,442463
20171208,0700,XBJZ17,1948200,2082700,1900000,2031200,211999
20171208,0800,XBJZ17,2031200,2203900,1988900,2049300,399733
20171208,0900,XBJZ17,2049300,2063900,1923700,1959700,99563
20171208,1000,XBJZ17,1959700,1970500,1877200,1948900,148647
20171208,1100,XBJZ17,1948900,1995100,1856800,1917600,187381
20171208,1200,XBJZ17,1917600,1933200,1727500,1932400,338896
20171208,1300,XBJZ17,1932400,1920400,1789200,1877200,269396
20171208,1400,XBJZ17,1877200,1899600,1800500,1875300,154245
20171208,1500,XBJZ17,1875300,1990000,1851100,1970000,332721
20171208,1600,XBJZ17,1970000,1977400,1919800,1919900,64374
20171208,1700,XBJZ17,1919900,1995100,1844400,1914800,378379
20171208,1800,XBJZ17,1914800,1907400,1866200,1866200,80703
20171208,1900,XBJZ17,1866200,1950900,1841300,1916500,261073
20171208,2000,XBJZ17,1916500,1957700,1875300,1924300,74440
20171208,2100,XBJZ17,1924300,1924500,1800100,1878800,189135
20171208,2200,XBJZ17,1878800,1981700,1871900,1968000,131918
20171208,2300,XBJZ17,1968000,1990500,1952500,1952500,29500
20171209,0000,XBJZ17,1952500,1998400,1980900,1989600,17231
20171209,0100,XBJZ17,1989600,1998700,1952500,1952500,46931
20171209,0200,XBJZ17,1952500,1982100,1937700,1940000,56277
20171209,0300,XBJZ17,1940000,1975700,1913800,1975700,81487
20171209,0400,XBJZ17,1975700,1974500,1940100,1940100,32403
20171209,0500,XBJZ17,1940100,1972200,1906800,1920900,116678
20171209,0600,XBJZ17,1920900,1926800,1868300,1892000,89883
20171209,0700,XBJZ17,1892000,1930600,1896600,1913900,80589
20171209,0800,XBJZ17,1913900,1939600,1900000,1917400,122016
20171209,0900,XBJZ17,1917400,1920000,1867300,1883900,59974
20171209,1000,XBJZ17,1883900,1895100,1821800,1860100,125632
20171209,1100,XBJZ17,1860100,1859900,1778400,1787700,273871
20171209,1200,XBJZ17,1787700,1847400,1755200,1824500,181868
20171209,1300,XBJZ17,1824500,1856400,1787900,1787900,163270
20171209,1400,XBJZ17,1787900,1860200,1805500,1860200,39746
20171209,1500,XBJZ17,1860200,1848700,1815500,1818600,59008
20171209,1600,XBJZ17,1818600,1811500,1726800,1766200,87334
20171209,1700,XBJZ17,1766200,1775100,1636300,1712400,216181
20171209,1800,XBJZ17,1712400,1723300,1597500,1656900,590719
20171209,1900,XBJZ17,1656900,1804000,1605600,1752500,265084
20171209,2000,XBJZ17,1752500,1771900,1721100,1764000,285350
20171209,2100,XBJZ17,1764000,1818600,1757000,1797100,40179
20171209,2200,XBJZ17,1797100,1805200,1748900,1805200,15940
20171209,2300,XBJZ17,1805200,1852700,1796800,1833500,103019
20171210,0000,XBJZ17,1833500,1825000,1691900,1824400,67354
20171210,0100,XBJZ17,1824400,1815500,1753500,1771700,165956
20171210,0200,XBJZ17,1771700,1765200,1650000,1740500,366779
20171210,0300,XBJZ17,1740500,1740000,1640000,1656600,113253
20171210,0400,XBJZ17,1656600,1726400,1608200,1612500,335889
20171210,0500,XBJZ17,1612500,1775500,1606700,1718400,251672
20171210,0600,XBJZ17,1718400,1713600,1649000,1662800,126168
20171210,0700,XBJZ17,1662800,1752700,1687900,1752700,32331
20171210,0800,XBJZ17,1752700,1751600,1681000,1715700,65591
20171210,0900,XBJZ17,1715700,1719300,1600100,1699900,156505
20171210,1000,XBJZ17,1699900,1714100,1670600,1704700,143609
20171210,1100,XBJZ17,1704700,1756300,1695300,1730900,156133
20171210,1200,XBJZ17,1730900,1741400,1699800,1726000,98730
20171210,1300,XBJZ17,1726000,1740000,1699800,1738900,120582
20171210,1400,XBJZ17,1738900,1845800,1734600,1845800,232885
20171210,1500,XBJZ17,1845800,1931100,1740100,1877800,237747
20171210,1600,XBJZ17,1877800,1919500,1822900,1899400,63921
20171210,1700,XBJZ17,1899400,1909700,1829600,1858900,11024
20171210,1800,XBJZ17,1858900,1878300,1858500,1872200,6850
20171210,1900,XBJZ17,1872200,1880300,1770100,1863000,50155
20171210,2000,XBJZ17,1863000,1912400,1863100,1906100,84931
20171210,2100,XBJZ17,1906100,1902000,1869400,1871000,43656
20171210,2200,XBJZ17,1871000,1881700,1707600,1789000,88716
20171210,2300,XBJZ17,1789000,1828800,1711400,1798900,70545
20171211,0000,XBJZ17,1798900,1994700,1822400,1834000,59661
20171211,0100,XBJZ17,1834000,1896000,1785300,1888100,52708
20171211,0200,XBJZ17,1888100,1998700,1882400,1982200,130742
20171211,0300,XBJZ17,1982200,2037900,1967300,2028500,110581
20171211,0400,XBJZ17,2028500,2099900,2015200,2020300,116166
20171211,0500,XBJZ17,2020300,2047500,1945600,2020000,228656
20171211,0600,XBJZ17,2020000,2045500,2015800,2022000,61053
20171211,0700,XBJZ17,2022000,2083000,2018100,2071800,28408
20171211,0800,XBJZ17,2071800,2079300,2041100,2062400,102005
20171211,0900,XBJZ17,2062400,2086200,2021900,2021900,95467
20171211,1000,XBJZ17,2021900,2095900,1990100,2021400,399316
20171211,1100,XBJZ17,2021400,2081800,2029100,2035900,34250
20171211,1200,XBJZ17,2035900,2042200,1987000,2001400,14603
20171211,1300,XBJZ17,2001400,2038100,2002300,2034200,14715
20171211,1400,XBJZ17,2034200,2036700,1964200,2000700,78240
20171211,1500,XBJZ17,2000700,2019200,1983300,1991300,12997
20171211,1600,XBJZ17,1991300,2036700,1992800,2021600,11280
20171211,1700,XBJZ17,2021600,2019900,2017700,2017700,1935
20171211,1800,XBJZ17,2017700,2017700,2004300,2014700,19620
20171211,1900,XBJZ17,2014700,2037700,2018100,2033100,30369
20171211,2000,XBJZ17,2033100,2114000,2038900,2103900,206673
20171211,2100,XBJZ17,2103900,2142500,2094000,2126400,70305
20171211,2200,XBJZ17,2126400,2124200,2095500,2121900,46854
20171211,2300,XBJZ17,2121900,2115600,2090000,2098200,44073
20171212,0000,XBJZ17,2098200,2099400,2065200,2065200,61592
20171212,0100,XBJZ17,2065200,2077700,2045200,2072000,93825
20171212,0200,XBJZ17,2072000,2109900,2043200,2102600,147992
20171212,0300,XBJZ17,2102600,2100700,2049400,2091000,102831
20171212,0400,XBJZ17,2091000,2079800,2026700,2042100,61423
20171212,0500,XBJZ17,2042100,2053400,2020100,2024600,174156
20171212,0600,XBJZ17,2024600,2070700,2028300,2060200,151948
20171212,0700,XBJZ17,2060200,2065200,2026800,2056100,96926
20171212,0800,XBJZ17,2056100,2099000,2050700,2091400,20121
20171212,0900,XBJZ17,2091400,2132600,2090200,2110300,77988
20171212,1000,XBJZ17,2110300,2124100,2090200,2090200,15622
20171212,1100,XBJZ17,2090200,2090300,2065800,2065800,2358
20171212,1200,XBJZ17,2065800,2095700,2077800,2087500,17003
20171212,1300,XBJZ17,2087500,2093200,2061400,2082600,32729
20171212,1400,XBJZ17,2082600,2169800,2088500,2152000,144377
20171212,1500,XBJZ17,2152000,2152100,2088500,2088500,215193
20171212,1600,XBJZ17,2088500,2118300,2097800,2110200,27233
20171212,1700,XBJZ17,2110200,2128200,2110100,2110100,12319
20171212,1800,XBJZ17,2110100,2162600,2108400,2162600,161115
20171212,1900,XBJZ17,2162600,2186200,2142900,2151600,160012
20171212,2000,XBJZ17,2151600,2172100,2127700,2147600,189758
20171212,2100,XBJZ17,2147600,2165000,2108500,2126800,113663
20171212,2200,XBJZ17,2126800,2135000,2108400,2135000,24123
20171212,2300,XBJZ17,2135000,2160000,2132600,2149900,59461
20171213,0000,XBJZ17,2149900,2152500,2113700,2113700,85994
20171213,0100,XBJZ17,2113700,2181400,2123600,2144700,136147
20171213,0200,XBJZ17,2144700,2135700,2091500,2094000,268719
20171213,0300,XBJZ17,2094000,2109300,1969200,1969200,142930
20171213,0400,XBJZ17,1969200,2070300,2019100,2035500,245469
20171213,0500,XBJZ17,2035500,2071500,2005900,2045900,328407
20171213,0600,XBJZ17,2045900,2088800,2061800,2088800,62706
20171213,0700,XBJZ17,2088800,2081800,2050200,2077000,179581
20171213,0800,XBJZ17,2077000,2082700,2062900,2082200,58310
20171213,0900,XBJZ17,2082200,2083300,2059800,2081500,93171
20171213,1000,XBJZ17,2081500,2087800,2067400,2081400,18102
20171213,1100,XBJZ17,2081400,2121000,2080000,2098700,166614
20171213,1200,XBJZ17,2098700,2090000,2073000,2083600,1729
20171213,1300,XBJZ17,2083600,2136200,2088000,2133300,241779
20171213,1400,XBJZ17,2133300,2143800,2115600,2115600,11776
20171213,1500,XBJZ17,2115600,2143200,2122200,2130200,54140
20171213,1600,XBJZ17,2130200,2134900,2115500,2115500,90153
20171213,1700,XBJZ17,2115500,2115600,2090100,2090100,77371
20171213,1800,XBJZ17,2090100,2083300,2042400,2069700,283612
20171213,1900,XBJZ17,2069700,2061800,1966400,2017800,183288
20171213,2000,XBJZ17,2017800,2031400,2000900,2028400,49943
20171213,2100,XBJZ17,2028400,2028600,2010400,2010400,90061
20171213,2200,XBJZ17,2010400,2059900,2014600,2057800,76375
20171213,2300,XBJZ17,2057800,2060500,2024300,2045100,63487
20171214,0000,XBJZ17,2045100,2047000,2016300,2024300,51509
20171214,0100,XBJZ17,2024300,2049800,2012300,2049800,77163
20171214,0200,XBJZ17,2049800,2052400,2012300,2029000,159197
20171214,0300,XBJZ17,2029000,2025700,2004500,2012100,155612
20171214,0400,XBJZ17,2012100,2018500,1976600,2005500,501946
20171214,0500,XBJZ17,2005500,2030800,2003000,2029700,80067
20171214,0600,XBJZ17,2029700,2037100,2018500,2020600,24189
20171214,0700,XBJZ17,2020600,2037100,2022000,2022000,20060
20171214,0800,XBJZ17,2022000,2037100,2024800,2037100,84889
20171214,0900,XBJZ17,2037100,2073800,2036600,2060700,224382
20171214,1000,XBJZ17,2060700,2101400,2022200,2026700,75416
20171214,1100,XBJZ17,2026700,2054700,2018200,2051900,29971
20171214,1200,XBJZ17,2051900,2045000,2020900,2045000,6560
20171214,1300,XBJZ17,2045000,2059800,2040700,2059600,32997
20171214,1400,XBJZ17,2059600,2054800,2024400,2030600,34877
20171214,1500,XBJZ17,2030600,2035500,1999400,1999400,59184
20171214,1600,XBJZ17,1999400,2026900,1971100,2017900,103260
20171214,1700,XBJZ17,2017900,2025000,2014300,2014300,24286
20171214,1800,XBJZ17,2014300,2041300,2014300,2032600,219553
20171214,1900,XBJZ17,2032600,2042600,2021000,2021000,134700
20171214,2000,XBJZ17,2021000,2039900,2020500,2037700,194361
20171214,2100,XBJZ17,2037700,2037200,2028400,2028400,39770
20171214,2200,XBJZ17,2028400,2034700,2021600,2034700,16115
20171214,2300,XBJZ17,2034700,2044300,2028800,2028800,20505
20171215,0000,XBJZ17,2028800,2044300,2030600,2040400,12073
20171215,0100,XBJZ17,2040400,2090000,2038100,2082500,245861
20171215,0200,XBJZ17,2082500,2104100,2070400,2092400,87273
20171215,0300,XBJZ17,2092400,2159000,2084800,2134000,123416
20171215,0400,XBJZ17,2134000,2147300,2112400,2130200,113249
20171215,0500,XBJZ17,2130200,2143000,2119400,2143000,62008
20171215,0600,XBJZ17,2143000,2155700,2129500,2133100,167659
20171215,0700,XBJZ17,2133100,2135000,2099300,2113500,257335
20171215,0800,XBJZ17,2113500,2119300,2102100,2105600,84981
20171215,0900,XBJZ17,2105600,2117000,2097300,2097800,115652
20171215,1000,XBJZ17,2097800,2147600,2104100,2147300,158906
20171215,1100,XBJZ17,2147300,2214800,2140400,2180600,305049
20171215,1200,XBJZ17,2180600,2228200,2171400,2209600,450274
20171215,1300,XBJZ17,2209600,2247400,2115900,2203900,397046
20171215,1400,XBJZ17,2203900,2202000,2126200,2191600,434357
20171215,1500,XBJZ17,2191600,2198800,2167100,2188100,49828
20171215,1600,XBJZ17,2188100,2194000,2179100,2186700,64585
20171215,1700,XBJZ17,2186700,2194000,2186600,2191900,44204
20171215,1800,XBJZ17,2191900,2191900,2156200,2178100,137693
20171215,1900,XBJZ17,2178100,2178200,2159200,2177000,154672
20171215,2000,XBJZ17,2177000,2182600,2161300,2168900,146832
20171215,2100,XBJZ17,2168900,2216000,2166300,2179500,220129
20171215,2200,XBJZ17,2179500,2191500,2122700,2146900,234595
20171215,2300,XBJZ17,2146900,2150000,2112200,2149200,84098
20171216,0000,XBJZ17,2149200,2158800,2141300,2145700,101260
20171216,0100,XBJZ17,2145700,2158800,2156300,2158600,12684
20171216,0200,XBJZ17,2158600,2164300,2154800,2162900,11691
20171216,0300,XBJZ17,2162900,2169400,2165500,2165500,5282
20171216,0400,XBJZ17,2165500,2181800,2148100,2161400,558362
20171216,0500,XBJZ17,2161400,2179600,2164800,2171200,56333
20171216,0600,XBJZ17,2171200,2171700,2167900,2169200,8087
20171216,0700,XBJZ17,2169200,2209000,2176300,2205500,33724
20171216,0800,XBJZ17,2205500,2250200,2179000,2229400,174513
20171216,0900,XBJZ17,2229400,2232500,2179000,2225400,91794
20171216,1000,XBJZ17,2225400,2238500,2211500,2238500,37767
20171216,1100,XBJZ17,2238500,2244300,2179000,2215100,201279
20171216,1200,XBJZ17,2215100,2269700,2224000,2246500,214108
20171216,1300,XBJZ17,2246500,2282300,2224000,2232600,96973
20171216,1400,XBJZ17,2232600,2340400,2262600,2298100,123251
20171216,1500,XBJZ17,2298100,2350000,2275900,2350000,131215
20171216,1600,XBJZ17,2350000,2367900,2265400,2356400,95044
20171216,1700,XBJZ17,2356400,2379700,2254700,2346200,560824
20171216,1800,XBJZ17,2346200,2350900,2346300,2347900,56158
20171216,1900,XBJZ17,2347900,2339600,2334500,2339600,1355
20171216,2000,XBJZ17,2339600,2399900,2333400,2399900,80317
20171216,2100,XBJZ17,2399900,2450100,2346200,2400100,123905
20171216,2200,XBJZ17,2400100,2449900,2372300,2449700,68740
20171216,2300,XBJZ17,2449700,2599200,2392300,2591900,1165643
20171217,0000,XBJZ17,2591900,2589800,2484300,2540400,247042
20171217,0100,XBJZ17,2540400,2594900,2479300,2479300,501239
20171217,0200,XBJZ17,2479300,2549400,2484200,2546100,190525
20171217,0300,XBJZ17,2546100,2548900,2496600,2548900,394838
20171217,0400,XBJZ17,2548900,2550000,2496600,2496600,170346
20171217,0500,XBJZ17,2496600,2529900,2415300,2419200,179862
20171217,0600,XBJZ17,2419200,2540000,2419200,2478300,177966
20171217,0700,XBJZ17,2478300,2526000,2435700,2451200,40467
20171217,0800,XBJZ17,2451200,2529900,2452200,2529900,128706
20171217,0900,XBJZ17,2529900,2535700,2511800,2515100,43254
20171217,1000,XBJZ17,2515100,2524000,2465000,2524000,118827
20171217,1100,XBJZ17,2524000,2533700,2501000,2514600,204292
20171217,1200,XBJZ17,2514600,2514600,2501900,2506000,121922
20171217,1300,XBJZ17,2506000,2541200,2490800,2502000,138966
20171217,1400,XBJZ17,2502000,2549400,2481000,2484300,12919
20171217,1500,XBJZ17,2484300,2547000,2435000,2455000,499979
20171217,1600,XBJZ17,2455000,2500500,2395400,2403100,291540
20171217,1700,XBJZ17,2403100,2453900,2397300,2397300,53438
20171217,1800,XBJZ17,2397300,2418300,2400500,2404000,97812
20171217,1900,XBJZ17,2404000,2405500,2393700,2405500,4355
20171217,2000,XBJZ17,2405500,3595200,2304800,2373100,805493
20171217,2100,XBJZ17,2373100,2616900,2305000,2421600,403549
20171217,2200,XBJZ17,2421600,2438400,2408600,2438400,20172
20171217,2300,XBJZ17,2438400,2484000,2433100,2484000,54468
20171218,0000,XBJZ17,2484000,2472200,2337500,2414300,49706
20171218,0100,XBJZ17,2414300,2430800,2226000,2226000,83195
20171218,0200,XBJZ17,2226000,2377500,2226100,2305700,1251
20171218,0300,XBJZ17,2305700,2373600,2305900,2305900,306973
20171218,0400,XBJZ17,2305900,2371100,2275900,2339400,34013
20171218,0500,XBJZ17,2339400,2368300,2367700,2367700,2390
20171218,0600,XBJZ17,2367700,2358000,2310000,2358000,27140
20171218,0700,XBJZ17,2358000,2436800,2346100,2383800,21567
20171218,0800,XBJZ17,2383800,2345200,2345200,2345200,1000
20171218,0900,XBJZ17,2345200,2363300,2347900,2347900,8660
20171218,1000,XBJZ17,2347900,2363100,2361800,2361800,2550
20171218,1100,XBJZ17,2361800,2363200,2361400,2361600,8614
20171218,1200,XBJZ17,2361600,2363300,2348500,2348800,10762
20171218,1300,XBJZ17,2348800,2383500,2380300,2383500,13165
20171218,1400,XBJZ17,2383500,2399500,2382900,2382900,18401
20171218,1500,XBJZ17,2382900,2432700,2305600,2394200,852024
20171218,1600,XBJZ17,2394200,2394500,2349200,2361300,12025
20171218,1700,XBJZ17,2361300,2394100,2340600,2340600,9312
20171218,1800,XBJZ17,2340600,2394000,2340600,2340600,8031
20171218,1900,XBJZ17,2340600,2340600,2306000,2306000,3702
20171218,2000,XBJZ17,2306000,2351100,2261000,2306700,343062
20171218,2100,XBJZ17,2306700,2373900,2137000,2314100,1020838
20171218,2200,XBJZ17,2314100,2343300,2302000,2313900,125492
20171218,2300,XBJZ17,2313900,2313900,2313900,2313900,0
20171219,0000,XBJZ17,2313900,2378900,2251800,2378900,20027
20171219,0100,XBJZ17,2378900,2378900,2378900,2378900,0
20171219,0200,XBJZ17,2378900,2378700,2320200,2378700,4350
20171219,0300,XBJZ17,2378700,2378700,2357200,2378700,5918
20171219,0400,XBJZ17,2378700,2394500,2362500,2394500,131232
20171219,0500,XBJZ17,2394500,2424900,2394500,2418500,6096
20171219,0600,XBJZ17,2418500,2418000,2384400,2386000,51969
20171219,0700,XBJZ17,2386000,2418000,2370100,2370100,59131
20171219,0800,XBJZ17,2370100,2411300,2370100,2407600,16261
20171219,0900,XBJZ17,2407600,2399600,2370100,2399600,3501
20171219,1000,XBJZ17,2399600,2370100,2359400,2359400,177580
20171219,1100,XBJZ17,2359400,2414900,2249300,2249300,317031
20171219,1200,XBJZ17,2249300,2292300,2183100,2245600,502285
20171219,1300,XBJZ17,2245600,2304000,2204300,2204300,266892
20171219,1400,XBJZ17,2204300,2336600,2280000,2329500,25004
20171219,1500,XBJZ17,2329500,2261000,2246200,2258000,33281
20171219,1600,XBJZ17,2258000,2290800,2246200,2277900,39697
20171219,1700,XBJZ17,2277900,2316300,2254200,2286300,137674
20171219,1800,XBJZ17,2286300,2324100,2281300,2281300,8929
20171219,1900,XBJZ17,2281300,2323900,2281300,2323900,5320
20171219,2000,XBJZ17,2323900,2285000,2285000,2285000,12350
