20171128,0000,XBTZ17,9775,9877.5,9775,9850.5,5314043
20171128,0100,XBTZ17,9850.5,9873,9808.5,9822.5,2012836
20171128,0200,XBTZ17,9822.5,9830,9666.5,9778.5,4758464
20171128,0300,XBTZ17,9778.5,9795,9739.5,9741.5,1784690
20171128,0400,XBTZ17,9741.5,9809.5,9732,9802.5,1548384
20171128,0500,XBTZ17,9802.5,9983.5,9761.5,9975.5,6835075
20171128,0600,XBTZ17,9975.5,10117,9975,10090,8874342
20171128,0700,XBTZ17,10090,10096.5,10001,10050,5674218
20171128,0800,XBTZ17,10050,10085.5,9972.5,10056,4628958
20171128,0900,XBTZ17,10056,10063.5,9905.5,9989,4609672
20171128,1000,XBTZ17,9989,10059,9984,9997.5,2458249
20171128,1100,XBTZ17,9997.5,10026.5,9959,10005,3949662
20171128,1200,XBTZ17,10005,10107,9996.5,10106.5,3868412
20171128,1300,XBTZ17,10106.5,10135,9961.5,10008.5,6124892
20171128,1400,XBTZ17,10008.5,10010.5,9838.5,9953.5,8091029
20171128,1500,XBTZ17,9953.5,10045,9953.5,10030.5,3797780
20171128,1600,XBTZ17,10030.5,10035,9970,10029.5,2619932
20171128,1700,XBTZ17,10029.5,10053.5,9985,10027.5,1842412
20171128,1800,XBTZ17,10027.5,10050.5,10004.5,10040.5,2189086
20171128,1900,XBTZ17,10040.5,10116,10035,10075.5,3201559
20171128,2000,XBTZ17,10075.5,10171,9977,10119,8749563
20171128,2100,XBTZ17,10119,10135,9982.5,10000,5542239
20171128,2200,XBTZ17,10000,10070,9982.5,10061.5,4077077
20171128,2300,XBTZ17,10061.5,10075.5,10026.5,10033,1673589
20171129,0000,XBTZ17,10033,10046.5,10000,10024.5,2355591
20171129,0100,XBTZ17,10024.5,10100,10020,10087.5,2788001
20171129,0200,XBTZ17,10087.5,10302,10087.5,10237,16760365
20171129,0300,XBTZ17,10237,10415,10188,10382.5,11478729
20171129,0400,XBTZ17,10382.5,10667.5,10335,10583.5,18222740
20171129,0500,XBTZ17,10583.5,10830,10506.5,10765,15362291
20171129,0600,XBTZ17,10765,11274.5,10485,10485,26567914
20171129,0700,XBTZ17,10485,10842,10388.5,10669,15088332
20171129,0800,XBTZ17,10669,10819.5,10650,10771,5720954
20171129,0900,XBTZ17,10771,10915,10768,10863.5,8523467
20171129,1000,XBTZ17,10863.5,10997.5,10805,10930,7633128
20171129,1100,XBTZ17,10930,11049,10851.5,11045,6008715
20171129,1200,XBTZ17,11045,11085,10885,11000,11405763
20171129,1300,XBTZ17,11000,11170,11000,11090,9544843
20171129,1400,XBTZ17,11090,11417,11065,11410,9327532
20171129,1500,XBTZ17,11410,11800,11310,11498.5,22757783
20171129,1600,XBTZ17,11498.5,11750,10277.5,11158.5,30356131
20171129,1700,XBTZ17,11158.5,11439.5,10991,11050,16717802
20171129,1800,XBTZ17,11050,11138.5,10600,10798,15271173
20171129,1900,XBTZ17,10798,10962,10482.5,10550,16467382
20171129,2000,XBTZ17,10550,10592,8963.5,9653.5,44271388
20171129,2100,XBTZ17,9653.5,10200,9480.5,9702,24499609
20171129,2200,XBTZ17,9702,10370,9579.5,10370,16316143
20171129,2300,XBTZ17,10370,10559,9890,10125.5,22350623
20171130,0000,XBTZ17,10125.5,10267,9709,9983,17920168
20171130,0100,XBTZ17,9983,10255.5,9818.5,10169.5,12679436
20171130,0200,XBTZ17,10169.5,10716.5,10150,10670.5,14798746
20171130,0300,XBTZ17,10670.5,10805.5,10472.5,10758,12962689
20171130,0400,XBTZ17,10758,10860,10624,10732.5,6225477
20171130,0500,XBTZ17,10732.5,10948.5,10730.5,10855,4656469
20171130,0600,XBTZ17,10855,10898.5,10420,10632.5,8698122
20171130,0700,XBTZ17,10632.5,10639.5,10027,10326,15318200
20171130,0800,XBTZ17,10326,10501,10225.5,10423.5,8482922
20171130,0900,XBTZ17,10423.5,10563,10307.5,10436,8014635
20171130,1000,XBTZ17,10436,10451,10109,10256,8867238
20171130,1100,XBTZ17,10256,10305.5,9560,9592,16009271
20171130,1200,XBTZ17,9592,9950.5,9582.5,9780,11588901
20171130,1300,XBTZ17,9780,10027,9620.5,9886.5,10184301
20171130,1400,XBTZ17,9886.5,9893.5,8960,9137,28394341
20171130,1500,XBTZ17,9137,9479.5,8945,9452,23156785
20171130,1600,XBTZ17,9452,9490,8948.5,9265,19224171
20171130,1700,XBTZ17,9265,9466.5,9206,9285.5,14704826
20171130,1800,XBTZ17,9285.5,9650,9106,9571,15734542
20171130,1900,XBTZ17,9571,9738.5,9506,9602,9332105
20171130,2000,XBTZ17,9602,9850,9588.5,9791,12397374
20171130,2100,XBTZ17,9791,9827.5,9366,9390,12712813
20171130,2200,XBTZ17,9390,9767,9389,9662,6882475
20171130,2300,XBTZ17,9662,10085,9661.5,9846,15959798
20171201,0000,XBTZ17,9846,10300,9846,10001.5,20803677
20171201,0100,XBTZ17,10001.5,10208,9870.5,9917,14932744
20171201,0200,XBTZ17,9917,9976.5,9729.5,9906.5,8412680
20171201,0300,XBTZ17,9906.5,9914,9581.5,9852.5,9113923
20171201,0400,XBTZ17,9852.5,9860,9662,9715,5351434
20171201,0500,XBTZ17,9715,9996,9614.5,9894,11238520
20171201,0600,XBTZ17,9894,9894,9470,9560.5,9820700
20171201,0700,XBTZ17,9560.5,9696,9385.5,9420,9791229
20171201,0800,XBTZ17,9420,9590,9358,9536.5,11737662
20171201,0900,XBTZ17,9536.5,9950.5,9539.5,9865,15552130
20171201,1000,XBTZ17,9865,10220,9810.5,10157,14349373
20171201,1100,XBTZ17,10157,10180.5,9854.5,9894.5,8191178
20171201,1200,XBTZ17,9894.5,10078.5,9892,10050.5,5928679
20171201,1300,XBTZ17,10050.5,10470,10050.5,10276,15066724
20171201,1400,XBTZ17,10276,10887,10269,10817,19724535
20171201,1500,XBTZ17,10817,10900,10657,10768,10529946
20171201,1600,XBTZ17,10768,10784.5,10635.5,10703,5582214
20171201,1700,XBTZ17,10703,10914,10670,10818.5,6728838
20171201,1800,XBTZ17,10818.5,10826,10637,10664,6217562
20171201,1900,XBTZ17,10664,10788.5,10655,10709.5,3846067
20171201,2000,XBTZ17,10709.5,10850,10697,10709,4415190
20171201,2100,XBTZ17,10709,11088.5,10713,10990,9980680
20171201,2200,XBTZ17,10990,11166,10912,11080.5,8616667
20171201,2300,XBTZ17,11080.5,11150,10953,11005,5463209
20171202,0000,XBTZ17,11005,11113.5,10888.5,11068,6124040
20171202,0100,XBTZ17,11068,11229,11035,11112.5,7499561
20171202,0200,XBTZ17,11112.5,11325,11110.5,11292.5,7335318
20171202,0300,XBTZ17,11292.5,11295,11167.5,11218,3839471
20171202,0400,XBTZ17,11218,11234,11062.5,11145,5111075
20171202,0500,XBTZ17,11145,11178.5,10819.5,11020.5,8144537
20171202,0600,XBTZ17,11020.5,11107.5,10819,11079.5,3214226
20171202,0700,XBTZ17,11079.5,11143.5,10988.5,10993.5,2844901
20171202,0800,XBTZ17,10993.5,11209.5,10942.5,11157.5,4109502
20171202,0900,XBTZ17,11157.5,11218,11070,11174.5,2934876
20171202,1000,XBTZ17,11174.5,11419.5,11172.5,11419.5,5740175
20171202,1100,XBTZ17,11419.5,11500,11280.5,11312.5,5245435
20171202,1200,XBTZ17,11312.5,11352,10973,11128,6992152
20171202,1300,XBTZ17,11128,11294.5,11003.5,11277,3281678
20171202,1400,XBTZ17,11277,11350.5,11111,11158.5,4181004
20171202,1500,XBTZ17,11158.5,11246.5,10772,11005,12574249
20171202,1600,XBTZ17,11005,11077.5,10836.5,10870,4737603
20171202,1700,XBTZ17,10870,10985.5,10852,10977.5,2735693
20171202,1800,XBTZ17,10977.5,11114.5,10945.5,11022,3323719
20171202,1900,XBTZ17,11022,11195,11022.5,11044,3046060
20171202,2000,XBTZ17,11044,11140.5,10982,11063,2992708
20171202,2100,XBTZ17,11063,11130.5,11005,11125,2179539
20171202,2200,XBTZ17,11125,11284,11125,11243.5,4439629
20171202,2300,XBTZ17,11243.5,11246.5,11113,11121.5,2564349
20171203,0000,XBTZ17,11121.5,11174,10981,11022,3738398
20171203,0100,XBTZ17,11022,11136,10900,11020.5,5910674
20171203,0200,XBTZ17,11020.5,11072.5,10939.5,11048,3063678
20171203,0300,XBTZ17,11048,11114,11023,11055.5,1622944
20171203,0400,XBTZ17,11055.5,11148,10994.5,11140,2819046
20171203,0500,XBTZ17,11140,11328,11098.5,11278.5,6685407
20171203,0600,XBTZ17,11278.5,11293,11206.5,11268,2889825
20171203,0700,XBTZ17,11268,11370.5,11144.5,11342.5,4437061
20171203,0800,XBTZ17,11342.5,11469,11331,11395,5980361
20171203,0900,XBTZ17,11395,11472,11285,11328,4023634
20171203,1000,XBTZ17,11328,11417.5,11287,11292.5,1673878
20171203,1100,XBTZ17,11292.5,11409.5,11285,11330,2975613
20171203,1200,XBTZ17,11330,11930,11299.5,11883,13854227
20171203,1300,XBTZ17,11883,12010.5,11802,11963.5,9561175
20171203,1400,XBTZ17,11963.5,12034.5,11838.5,11945,3449017
20171203,1500,XBTZ17,11945,11988.5,11794.5,11884.5,4666697
20171203,1600,XBTZ17,11884.5,12143.5,11889,11968,7698786
20171203,1700,XBTZ17,11968,12005.5,11821.5,11864.5,4323680
20171203,1800,XBTZ17,11864.5,11944,11841,11864,2123164
20171203,1900,XBTZ17,11864,11943.5,11835,11933,2818602
20171203,2000,XBTZ17,11933,11986.5,11901,11956.5,2681349
20171203,2100,XBTZ17,11956.5,12084.5,11241,11433.5,24081360
20171203,2200,XBTZ17,11433.5,11631,10240,11033.5,31429921
20171203,2300,XBTZ17,11033.5,11358,10403,11229.5,27394056
20171204,0000,XBTZ17,11229.5,11379.5,11101.5,11367.5,9768838
20171204,0100,XBTZ17,11367.5,11563,11325,11451.5,10549573
20171204,0200,XBTZ17,11451.5,11679.5,11424.5,11575,7670227
20171204,0300,XBTZ17,11575,11584,11243,11407.5,6759214
20171204,0400,XBTZ17,11407.5,11587,11414,11580,3570018
20171204,0500,XBTZ17,11580,11711,11573,11632,6264227
20171204,0600,XBTZ17,11632,11674,11450.5,11562,4810691
20171204,0700,XBTZ17,11562,11631.5,11435,11561.5,2443282
20171204,0800,XBTZ17,11561.5,11809,11486,11749,6768213
20171204,0900,XBTZ17,11749,11749,11572.5,11683,3416107
20171204,1000,XBTZ17,11683,11763,11500,11553,6467683
20171204,1100,XBTZ17,11553,11550.5,11352,11516.5,6400611
20171204,1200,XBTZ17,11516.5,11520,11174,11306,7336870
20171204,1300,XBTZ17,11306,11389,11215,11362,5963324
20171204,1400,XBTZ17,11362,11392,10983.5,11346.5,14492626
20171204,1500,XBTZ17,11346.5,11616,11329.5,11559,7753176
20171204,1600,XBTZ17,11559,11607,11383,11526,7259875
20171204,1700,XBTZ17,11526,11536.5,11347.5,11404,2491933
20171204,1800,XBTZ17,11404,11531,11379,11406.5,2660951
20171204,1900,XBTZ17,11406.5,11440,11264,11355,6191716
20171204,2000,XBTZ17,11355,11400,11289.5,11355.5,1702628
20171204,2100,XBTZ17,11355.5,11720.5,11355,11598,8226341
20171204,2200,XBTZ17,11598,11784,11582,11692,5623186
20171204,2300,XBTZ17,11692,11705.5,11625.5,11685,3169031
20171205,0000,XBTZ17,11685,11869.5,11652,11865.5,4813913
20171205,0100,XBTZ17,11865.5,11919.5,11723,11818.5,3475478
20171205,0200,XBTZ17,11818.5,11827,11734.5,11742.5,2541543
20171205,0300,XBTZ17,11742.5,11897.5,11629.5,11682.5,5539011
20171205,0400,XBTZ17,11682.5,11790,11682.5,11778,4062878
20171205,0500,XBTZ17,11778,11779.5,11582,11675,5070230
20171205,0600,XBTZ17,11675,11756,11657,11691,2771160
20171205,0700,XBTZ17,11691,11786,11679.5,11778.5,2370502
20171205,0800,XBTZ17,11778.5,12062.5,11741.5,12053,8884145
20171205,0900,XBTZ17,12053,12063.5,11959,12014,5186172
20171205,1000,XBTZ17,12014,12020.5,11818.5,11896,4074517
20171205,1100,XBTZ17,11896,11909,11650,11813,10064220
20171205,1200,XBTZ17,11813,11889,11735.5,11869.5,4576455
20171205,1300,XBTZ17,11869.5,11939,11775,11912,4879357
20171205,1400,XBTZ17,11912,12124.5,11891.5,11937,9758608
20171205,1500,XBTZ17,11937,12041.5,11911,11937,5645493
20171205,1600,XBTZ17,11937,12060,11882,12000,4532131
20171205,1700,XBTZ17,12000,12000.5,11700,11797.5,8147039
20171205,1800,XBTZ17,11797.5,11910,11766,11829,4615986
20171205,1900,XBTZ17,11829,11882.5,11805.5,11878,1563415
20171205,2000,XBTZ17,11878,11966.5,11838.5,11897,3215968
20171205,2100,XBTZ17,11897,12000,11881.5,11926,3330501
20171205,2200,XBTZ17,11926,11947,11887.5,11935,1788283
20171205,2300,XBTZ17,11935,11976.5,11832.5,11893,2785552
20171206,0000,XBTZ17,11893,11927.5,11818,11844.5,3303430
20171206,0100,XBTZ17,11844.5,12075.5,11842.5,12035,5748383
20171206,0200,XBTZ17,12035,12192.5,12021.5,12192.5,9799493
20171206,0300,XBTZ17,12192.5,12447,12168.5,12391.5,11525733
20171206,0400,XBTZ17,12391.5,12519,12351.5,12457,6773221
20171206,0500,XBTZ17,12457,12486,12377.5,12435,2965101
20171206,0600,XBTZ17,12435,12543.5,12375,12529.5,3597316
20171206,0700,XBTZ17,12529.5,12694.5,12499.5,12670,5237095
20171206,0800,XBTZ17,12670,12794,12580,12604.5,10287052
20171206,0900,XBTZ17,12604.5,12802.5,12549,12655,6676230
20171206,1000,XBTZ17,12655,12860,12648.5,12761,5554262
20171206,1100,XBTZ17,12761,13077,12758.5,13043,6466753
20171206,1200,XBTZ17,13043,13085.5,12560,12826,9630060
20171206,1300,XBTZ17,12826,12953.5,12812.5,12925.5,2666759
20171206,1400,XBTZ17,12925.5,12969.5,12750,12862,4681408
20171206,1500,XBTZ17,12862,13009,12864.5,12961.5,3546853
20171206,1600,XBTZ17,12961.5,12955,12623.5,12709.5,9049351
20171206,1700,XBTZ17,12709.5,12836,12501.5,12827,13216207
20171206,1800,XBTZ17,12827,12900,12800,12810,3313059
20171206,1900,XBTZ17,12810,13040,12810.5,13040,4125717
20171206,2000,XBTZ17,13040,13331,13037,13323,10422414
20171206,2100,XBTZ17,13323,13405.5,13128.5,13405,13865618
20171206,2200,XBTZ17,13405,13408,13239,13374,7863643
20171206,2300,XBTZ17,13374,13800,13350,13799.5,18626886
20171207,0000,XBTZ17,13799.5,13800,13150,13673,18902017
20171207,0100,XBTZ17,13673,14250,13640.5,14121,33133962
20171207,0200,XBTZ17,14121,14286.5,13800,14199,16393013
20171207,0300,XBTZ17,14199,14201,13452.5,13834.5,22037438
20171207,0400,XBTZ17,13834.5,14052.5,13777,13812.5,12690705
20171207,0500,XBTZ17,13812.5,14377,13777,14340,13472958
20171207,0600,XBTZ17,14340,14425,14202,14349,12372729
20171207,0700,XBTZ17,14349,14510.5,14029.5,14134.5,12987416
20171207,0800,XBTZ17,14134.5,14359.5,14086,14357,11532936
20171207,0900,XBTZ17,14357,14819.5,14358.5,14735.5,26384455
20171207,1000,XBTZ17,14735.5,14819.5,14600,14779,11502926
20171207,1100,XBTZ17,14779,14969,14751.5,14968,17930092
20171207,1200,XBTZ17,14968,14995,14100,14294.5,31038517
20171207,1300,XBTZ17,14294.5,14758,14220,14729.5,12765829
20171207,1400,XBTZ17,14729.5,15204.5,14681,15125,15875375
20171207,1500,XBTZ17,15125,15553.5,15095,15465,19417797
20171207,1600,XBTZ17,15465,16044,15468,16024.5,28698170
20171207,1700,XBTZ17,16024.5,17363,15250,15739.5,39028682
20171207,1800,XBTZ17,15739.5,16529,14339,15799,39668981
20171207,1900,XBTZ17,15799,16449,15798.5,16156,19859519
20171207,2000,XBTZ17,16156,16258,15071.5,15621.5,21748355
20171207,2100,XBTZ17,15621.5,16154,15561,16032.5,11105560
20171207,2200,XBTZ17,16032.5,16647,16005,16636.5,15430168
20171207,2300,XBTZ17,16636.5,17284,16644.5,17225,18437788
20171208,0000,XBTZ17,17225,17577,16721,17490,16381350
20171208,0100,XBTZ17,17490,17743.5,17402,17730.5,12240246
20171208,0200,XBTZ17,17730.5,17935,17344.5,17640,21698157
20171208,0300,XBTZ17,17640,17644.5,16823,17582.5,21513081
20171208,0400,XBTZ17,17582.5,17589,16501,17063.5,23530290
20171208,0500,XBTZ17,17063.5,17500,16088,16231.5,21442879
20171208,0600,XBTZ17,16231.5,16419.5,15199,16207,33959360
20171208,0700,XBTZ17,16207,16900,15817.5,16827.5,19902427
20171208,0800,XBTZ17,16827.5,17179,16504,16906,16514154
20171208,0900,XBTZ17,16906,17031,16023,16073,11162822
20171208,1000,XBTZ17,16073,16480,15342.5,15995,23515241
20171208,1100,XBTZ17,15995,16271,15345.5,15345.5,16060325
20171208,1200,XBTZ17,15345.5,15593.5,14500,15440,27808537
20171208,1300,XBTZ17,15440,15700.5,15190,15293,12298194
20171208,1400,XBTZ17,15293,15781.5,14834,15582.5,13484069
20171208,1500,XBTZ17,15582.5,16637,15494,16549,15070315
20171208,1600,XBTZ17,16549,16580,15790,15980,11929424
20171208,1700,XBTZ17,15980,16300,15411,15778,11542722
20171208,1800,XBTZ17,15778,15846,15148,15250,8566646
20171208,1900,XBTZ17,15250,15872,15192,15811,11836777
20171208,2000,XBTZ17,15811,16120.5,15578,15726.5,8564817
20171208,2100,XBTZ17,15726.5,15877,15428,15561.5,8693640
20171208,2200,XBTZ17,15561.5,16579.5,15576.5,16396,11440356
20171208,2300,XBTZ17,16396,16664,16183,16448,9086672
20171209,0000,XBTZ17,16448,16783.5,16297.5,16586.5,9098830
20171209,0100,XBTZ17,16586.5,16930.5,16229,16323.5,9923072
20171209,0200,XBTZ17,16323.5,16555,15998.5,16000,7043109
20171209,0300,XBTZ17,16000,16500.5,15997.5,16390.5,5755531
20171209,0400,XBTZ17,16390.5,16418,16040,16161,6177357
20171209,0500,XBTZ17,16161,16373.5,15725,15899,9516614
20171209,0600,XBTZ17,15899,16020,15530.5,15677,9863533
20171209,0700,XBTZ17,15677,16090,15646.5,15927.5,4975675
20171209,0800,XBTZ17,15927.5,16245.5,15933,16039.5,5860546
20171209,0900,XBTZ17,16039.5,16113.5,15637.5,15783.5,4672281
20171209,1000,XBTZ17,15783.5,15882,15263,15503,11857630
20171209,1100,XBTZ17,15503,15653,14910,14977.5,12145882
20171209,1200,XBTZ17,14977.5,15480,14797.5,15421,15463272
20171209,1300,XBTZ17,15421,15722,15064.5,15187,12477143
20171209,1400,XBTZ17,15187,15689,15189.5,15621,4359878
20171209,1500,XBTZ17,15621,15643.5,15245,15304.5,7062595
20171209,1600,XBTZ17,15304.5,15304.5,14911.5,14959.5,10225645
20171209,1700,XBTZ17,14959.5,15074,13975,14686.5,24473648
20171209,1800,XBTZ17,14686.5,14686,13537.5,14107.5,32118171
20171209,1900,XBTZ17,14107.5,14994,14116,14850.5,26922411
20171209,2000,XBTZ17,14850.5,14926,14425,14787,11189493
20171209,2100,XBTZ17,14787,15273.5,14761,14914.5,8705675
20171209,2200,XBTZ17,14914.5,15181,14724.5,15130,7701819
20171209,2300,XBTZ17,15130,15465,15047.5,15288.5,9727373
20171210,0000,XBTZ17,15288.5,15325,14960.5,15259.5,5790601
20171210,0100,XBTZ17,15259.5,15281.5,14615,14709.5,9187711
20171210,0200,XBTZ17,14709.5,14711,14000,14321.5,13865241
20171210,0300,XBTZ17,14321.5,14626,13883,13883,12791147
20171210,0400,XBTZ17,13883,14125.5,13400,13511.5,24487463
20171210,0500,XBTZ17,13511.5,14382,13409.5,14303.5,19140506
20171210,0600,XBTZ17,14303.5,14323,13670,13951,10251629
20171210,0700,XBTZ17,13951,14500,13830,14455,11343322
20171210,0800,XBTZ17,14455,14549.5,13926.5,14226.5,9283971
20171210,0900,XBTZ17,14226.5,14269.5,13593.5,14024.5,10109347
20171210,1000,XBTZ17,14024.5,14305.5,13870,14228.5,7408958
20171210,1100,XBTZ17,14228.5,14745,14112.5,14472.5,10442002
20171210,1200,XBTZ17,14472.5,14615,14203,14439.5,5693596
20171210,1300,XBTZ17,14439.5,14654,14250,14609.5,5019597
20171210,1400,XBTZ17,14609.5,15499.5,14563,15499.5,17241127
20171210,1500,XBTZ17,15499.5,16183,15499,15808,20479395
20171210,1600,XBTZ17,15808,16364,15527,16100.5,12512527
20171210,1700,XBTZ17,16100.5,16325,15687.5,15781,10354451
20171210,1800,XBTZ17,15781,16037,15687.5,15941.5,7471936
20171210,1900,XBTZ17,15941.5,15963.5,15532.5,15697,12561400
20171210,2000,XBTZ17,15697,16259,15633.5,16164,11649131
20171210,2100,XBTZ17,16164,16270,15817,15851,7201668
20171210,2200,XBTZ17,15851,16041.5,15000,15056.5,23370979
20171210,2300,XBTZ17,15056.5,15506,14902.5,15112.5,11225995
20171211,0000,XBTZ17,15112.5,16800,15083,15480,24492244
20171211,0100,XBTZ17,15480,16008.5,15476.5,15916.5,11728178
20171211,0200,XBTZ17,15916.5,16755.5,15887,16660,14020620
20171211,0300,XBTZ17,16660,17108,16462,17066,13140602
20171211,0400,XBTZ17,17066,17323,16858,17024.5,13808125
20171211,0500,XBTZ17,17024.5,17249,16649.5,16952.5,10759089
20171211,0600,XBTZ17,16952.5,17172.5,16950,16955.5,3643946
20171211,0700,XBTZ17,16955.5,17557,16937.5,17478,8675343
20171211,0800,XBTZ17,17478,17550,17283.5,17400,7939689
20171211,0900,XBTZ17,17400,17600,17126.5,17190,9249654
20171211,1000,XBTZ17,17190,17374.5,17067,17239,6377412
20171211,1100,XBTZ17,17239,17412.5,17203,17294.5,3224638
20171211,1200,XBTZ17,17294.5,17367,17051,17063,6635868
20171211,1300,XBTZ17,17063,17383.5,17061,17266,4721545
20171211,1400,XBTZ17,17266,17334,16826,17026.5,7959709
20171211,1500,XBTZ17,17026.5,17170,16809,16946.5,7400601
20171211,1600,XBTZ17,16946.5,17250,16920,17129.5,6552081
20171211,1700,XBTZ17,17129.5,17238.5,17050,17150,6053103
20171211,1800,XBTZ17,17150,17162,17028,17156,3213612
20171211,1900,XBTZ17,17156,17533.5,17155,17358.5,9650426
20171211,2000,XBTZ17,17358.5,18100,17338,18014,16850533
20171211,2100,XBTZ17,18014,18303,17874,18073,18595740
20171211,2200,XBTZ17,18073,18084,17820,17956,7044067
20171211,2300,XBTZ17,17956,17985,17690.5,17779,6334921
20171212,0000,XBTZ17,17779,17901.5,17371,17556.5,9573970
20171212,0100,XBTZ17,17556.5,17614.5,17293,17481,11744662
20171212,0200,XBTZ17,17481,17910,17408,17900,5139874
20171212,0300,XBTZ17,17900,17900,17524.5,17625,4956333
20171212,0400,XBTZ17,17625,17720,17134.5,17290,12321477
20171212,0500,XBTZ17,17290,17409.5,16936.5,17118.5,8420683
20171212,0600,XBTZ17,17118.5,17475,17088,17458.5,6195260
20171212,0700,XBTZ17,17458.5,17475,17260,17437,3003444
20171212,0800,XBTZ17,17437,17743,17349,17667.5,5199680
20171212,0900,XBTZ17,17667.5,18110,17666,17920,8499154
20171212,1000,XBTZ17,17920,18107.5,17688,17757.5,7187389
20171212,1100,XBTZ17,17757.5,17766.5,17523.5,17577.5,5247297
20171212,1200,XBTZ17,17577.5,17796.5,17585,17754.5,2849948
20171212,1300,XBTZ17,17754.5,17790,17534,17684.5,3106348
20171212,1400,XBTZ17,17684.5,18510,17680.5,18458,16554554
20171212,1500,XBTZ17,18458,18457.5,17760,17788,10272644
20171212,1600,XBTZ17,17788,18099,17761,18050.5,7658547
20171212,1700,XBTZ17,18050.5,18474,17982,17987.5,13194357
20171212,1800,XBTZ17,17987.5,18456,17987.5,18414.5,6669651
20171212,1900,XBTZ17,18414.5,18800,18279.5,18419,13942474
20171212,2000,XBTZ17,18419,18550,18159.5,18408,7521544
20171212,2100,XBTZ17,18408,18581,18066,18118,8179803
20171212,2200,XBTZ17,18118,18241,18001,18151.5,5588309
20171212,2300,XBTZ17,18151.5,18491,18087,18339.5,6875940
20171213,0000,XBTZ17,18339.5,18344,17897,17971,7148521
20171213,0100,XBTZ17,17971,18321,17970,18217,6287121
20171213,0200,XBTZ17,18217,18259,17695.5,17765.5,12331418
20171213,0300,XBTZ17,17765.5,17810,16852,17201.5,25924099
20171213,0400,XBTZ17,17201.5,17416.5,17039.5,17240,14206130
20171213,0500,XBTZ17,17240,17289,16905,17289,8432482
20171213,0600,XBTZ17,17289,17651,17289,17535,7745069
20171213,0700,XBTZ17,17535,17543,17223.5,17526.5,6210311
20171213,0800,XBTZ17,17526.5,17566,17376.5,17421.5,5844855
20171213,0900,XBTZ17,17421.5,17590,17294,17505,5734974
20171213,1000,XBTZ17,17505,17580,17360.5,17570,3184791
20171213,1100,XBTZ17,17570,17688.5,17514,17526.5,4494803
20171213,1200,XBTZ17,17526.5,17624,17479.5,17491.5,3986136
20171213,1300,XBTZ17,17491.5,18099,17491,17946.5,17339506
20171213,1400,XBTZ17,17946.5,18035.5,17810.5,17920.5,4658435
20171213,1500,XBTZ17,17920.5,18126,17850,17933,4513376
20171213,1600,XBTZ17,17933,18063.5,17765,17778.5,5852355
20171213,1700,XBTZ17,17778.5,17878,17569.5,17639.5,12763323
20171213,1800,XBTZ17,17639.5,17640.5,17006,17230,13828250
20171213,1900,XBTZ17,17230,17232.5,16335,16868.5,35881747
20171213,2000,XBTZ17,16868.5,17148.5,16667.5,17091,11557112
20171213,2100,XBTZ17,17091,17114.5,16829.5,16861.5,6874531
20171213,2200,XBTZ17,16861.5,17397,16861.5,17373,6625947
20171213,2300,XBTZ17,17373,17412.5,17037,17065,6061698
20171214,0000,XBTZ17,17065,17159.5,16748,16939.5,5151425
20171214,0100,XBTZ17,16939.5,17207,16759,17200,6353969
20171214,0200,XBTZ17,17200,17225.5,16834.5,17061,3810278
20171214,0300,XBTZ17,17061,17063,16700,16741.5,5530955
20171214,0400,XBTZ17,16741.5,16990.5,16699,16923.5,5419997
20171214,0500,XBTZ17,16923.5,17230,16925.5,17134.5,5895983
20171214,0600,XBTZ17,17134.5,17242,16960,17117.5,4930710
20171214,0700,XBTZ17,17117.5,17340,17055.5,17056.5,5565110
20171214,0800,XBTZ17,17056.5,17472.5,17011.5,17467,3903598
20171214,0900,XBTZ17,17467,17860,17472.5,17556.5,8238398
20171214,1000,XBTZ17,17556.5,17682,17147,17159,4475259
20171214,1100,XBTZ17,17159,17431.5,17135,17367.5,3489639
20171214,1200,XBTZ17,17367.5,17421,17207,17379,3425942
20171214,1300,XBTZ17,17379,17671,17292,17497.5,6866557
20171214,1400,XBTZ17,17497.5,17514.5,17228,17319,5209636
20171214,1500,XBTZ17,17319,17323.5,16994,16995,6375337
20171214,1600,XBTZ17,16995,17196,16831.5,17093.5,6742818
20171214,1700,XBTZ17,17093.5,17218,17062.5,17131.5,2665681
20171214,1800,XBTZ17,17131.5,17432,17121,17270.5,5452743
20171214,1900,XBTZ17,17270.5,17445,17173.5,17187,4141490
20171214,2000,XBTZ17,17187,17321.5,17150,17226,3568246
20171214,2100,XBTZ17,17226,17308,17100,17100,3339282
20171214,2200,XBTZ17,17100,17295.5,17026.5,17216,3928285
20171214,2300,XBTZ17,17216,17345,17200,17242,2566991
20171215,0000,XBTZ17,17242,17321.5,17175,17285.5,1497300
20171215,0100,XBTZ17,17285.5,17900,17250,17838.5,13831503
20171215,0200,XBTZ17,17838.5,18054,17702.5,17915,8790470
20171215,0300,XBTZ17,17915,18749.5,17820,18411.5,12440465
20171215,0400,XBTZ17,18411.5,18486,18117,18233,10356883
20171215,0500,XBTZ17,18233,18388.5,18074,18250,6191961
20171215,0600,XBTZ17,18250,18406.5,18215.5,18273.5,4540999
20171215,0700,XBTZ17,18273.5,18378.5,18166,18172,3142052
20171215,0800,XBTZ17,18172,18200.5,18040,18100,7471708
20171215,0900,XBTZ17,18100,18201,17910,18172.5,15462884
20171215,1000,XBTZ17,18172.5,18677,18172.5,18641,13718209
20171215,1100,XBTZ17,18641,19050,18611,18820,14154912
20171215,1200,XBTZ17,18820,19000,18714,18949,5306491
20171215,1300,XBTZ17,18949,19038.5,18787.5,18878,5011721
20171215,1400,XBTZ17,18878,18913.5,18625,18824,7418491
20171215,1500,XBTZ17,18824,18935.5,18710,18739.5,4600892
20171215,1600,XBTZ17,18739.5,18765,18600,18666,5193709
20171215,1700,XBTZ17,18666,18829.5,18662.5,18681,3217785
20171215,1800,XBTZ17,18681,18696,18599,18611.5,3015725
20171215,1900,XBTZ17,18611.5,18658.5,18390,18650.5,8895641
20171215,2000,XBTZ17,18650.5,18655.5,18440,18526,5760505
20171215,2100,XBTZ17,18526,18735.5,18526,18626,3096246
20171215,2200,XBTZ17,18626,18626,18010,18416.5,13888925
20171215,2300,XBTZ17,18416.5,18395.5,17926.5,18365.5,7966716
20171216,0000,XBTZ17,18365.5,18443.5,18281,18381.5,2046800
20171216,0100,XBTZ17,18381.5,18556,18310.5,18442.5,2848555
20171216,0200,XBTZ17,18442.5,18464.5,18324.5,18402.5,3145576
20171216,0300,XBTZ17,18402.5,18475,18310.5,18340.5,2314483
20171216,0400,XBTZ17,18340.5,18344,18085.5,18260,5169366
20171216,0500,XBTZ17,18260,18700,18260.5,18377,4732079
20171216,0600,XBTZ17,18377,18467,18374,18450,2282543
20171216,0700,XBTZ17,18450,18760.5,18434.5,18731.5,3420657
20171216,0800,XBTZ17,18731.5,19196,18700,18889,10274989
20171216,0900,XBTZ17,18889,18959.5,18670,18862,3004923
20171216,1000,XBTZ17,18862,18959,18791,18934.5,1748506
20171216,1100,XBTZ17,18934.5,19070,18867,18884.5,2895663
20171216,1200,XBTZ17,18884.5,19300,18877.5,19174.5,4129701
20171216,1300,XBTZ17,19174.5,19311.5,18852.5,19215.5,6947655
20171216,1400,XBTZ17,19215.5,19705,19191,19499.5,10621143
20171216,1500,XBTZ17,19499.5,19943,19399,19792,6515985
20171216,1600,XBTZ17,19792,19920,19595,19885.5,7601525
20171216,1700,XBTZ17,19885.5,19947.5,19608.5,19899,7330627
20171216,1800,XBTZ17,19899,19960,19752.5,19901,3602815
20171216,1900,XBTZ17,19901,19964.5,19800,19953,3210980
20171216,2000,XBTZ17,19953,20425,19907,20420.5,7503175
20171216,2100,XBTZ17,20420.5,20500,20215.5,20484,7491443
20171216,2200,XBTZ17,20484,20670.5,20361,20625.5,4974657
20171216,2300,XBTZ17,20625.5,20899,20504.5,20797,7733687
20171217,0000,XBTZ17,20797,20948.5,20629,20700,8510867
20171217,0100,XBTZ17,20700,20823.5,20372.5,20644.5,7906168
20171217,0200,XBTZ17,20644.5,20716.5,20300,20472.5,8124415
20171217,0300,XBTZ17,20472.5,20650,20318,20554.5,5718317
20171217,0400,XBTZ17,20554.5,20859.5,20544,20592,5674140
20171217,0500,XBTZ17,20592,20684.5,20336,20494,4686200
20171217,0600,XBTZ17,20494,20927,20467,20783,6305202
20171217,0700,XBTZ17,20783,20908.5,20699.5,20908.5,2704940
20171217,0800,XBTZ17,20908.5,21212,20906,21188,7463793
20171217,0900,XBTZ17,21188,21212,20901.5,20901.5,3424077
20171217,1000,XBTZ17,20901.5,21176,20783.5,21155.5,3644873
20171217,1100,XBTZ17,21155.5,21163.5,20982,21161,3007403
20171217,1200,XBTZ17,21161,21231,21064,21169,4590861
20171217,1300,XBTZ17,21169,21350,20936,20981,4695125
20171217,1400,XBTZ17,20981,21174,20930,21020,3425470
20171217,1500,XBTZ17,21020,21030,20339.5,20620,9528606
20171217,1600,XBTZ17,20620,20686,20199.5,20601,11134183
20171217,1700,XBTZ17,20601,20639,20051.5,20171.5,6599633
20171217,1800,XBTZ17,20171.5,20500,20051.5,20219.5,3119914
20171217,1900,XBTZ17,20219.5,20454,20001,20001.5,2291278
20171217,2000,XBTZ17,20001.5,20294.5,19430,19990,8719848
20171217,2100,XBTZ17,19990,20549,19975,20233,9367634
20171217,2200,XBTZ17,20233,20345,20155.5,20312.5,2101211
20171217,2300,XBTZ17,20312.5,20937,20303.5,20852,6524372
20171218,0000,XBTZ17,20852,20890,19702,20250,13220113
20171218,0100,XBTZ17,20250,20264.5,18376,18498.5,33265538
20171218,0200,XBTZ17,18498.5,19124.5,18404.5,19099.5,20796493
20171218,0300,XBTZ17,19099.5,19445,18845.5,18899.5,16937813
20171218,0400,XBTZ17,18899.5,19257,18899.5,19225,4909610
20171218,0500,XBTZ17,19225,19537.5,19226.5,19391.5,5025755
20171218,0600,XBTZ17,19391.5,19632.5,19324,19604.5,5343197
20171218,0700,XBTZ17,19604.5,19651.5,19498,19597.5,2579942
20171218,0800,XBTZ17,19597.5,19597.5,19186,19278,3172613
20171218,0900,XBTZ17,19278,19687.5,19261.5,19580.5,7928568
20171218,1000,XBTZ17,19580.5,19618,19240,19369.5,3581426
20171218,1100,XBTZ17,19369.5,19593.5,19382,19508,1117603
20171218,1200,XBTZ17,19508,19845,19500,19813.5,5417513
20171218,1300,XBTZ17,19813.5,19978.5,19686,19716,5182675
20171218,1400,XBTZ17,19716,19754,19400,19420.5,4072300
20171218,1500,XBTZ17,19420.5,19419,18654.5,19035,21934388
20171218,1600,XBTZ17,19035,19225,18914.5,19135,10095921
20171218,1700,XBTZ17,19135,19197.5,18843,18843,3526105
20171218,1800,XBTZ17,18843,19056,18754,18882,3553561
20171218,1900,XBTZ17,18882,18912.5,18570.5,18882,4310544
20171218,2000,XBTZ17,18882,19287,18855,19250,5413856
20171218,2100,XBTZ17,19250,19303,19000.5,19150.5,3009223
20171218,2200,XBTZ17,19150.5,19263.5,19078.5,19164.5,2862737
20171218,2300,XBTZ17,19164.5,19417,19117,19411.5,3439460
20171219,0000,XBTZ17,19411.5,19623,19353,19558.5,5471008
20171219,0100,XBTZ17,19558.5,19741.5,19221,19377,4209194
20171219,0200,XBTZ17,19377,19522.5,19310,19342.5,1872700
20171219,0300,XBTZ17,19342.5,19442.5,19223,19386,1535204
20171219,0400,XBTZ17,19386,19744,19261.5,19707,4579102
20171219,0500,XBTZ17,19707,19722.5,19545,19580,3008158
20171219,0600,XBTZ17,19580,19633.5,19477,19533,3112901
20171219,0700,XBTZ17,19533,19549,19398,19410.5,2443447
20171219,0800,XBTZ17,19410.5,19611.5,19401,19472.5,1646949
20171219,0900,XBTZ17,19472.5,19591.5,19476.5,19573.5,2014715
20171219,1000,XBTZ17,19573.5,19578,18946.5,19045,7876986
20171219,1100,XBTZ17,19045,19045.5,18017.5,18423,23703431
20171219,1200,XBTZ17,18423,18557.5,17944,18076.5,14090200
20171219,1300,XBTZ17,18076.5,18537,18076.5,18373,10018394
20171219,1400,XBTZ17,18373,18620.5,18344,18366,3814034
20171219,1500,XBTZ17,18366,18390.5,18026.5,18205,7434368
20171219,1600,XBTZ17,18205,18425.5,18163,18320,4505748
20171219,1700,XBTZ17,18320,18773,18305,18682.5,6301232
20171219,1800,XBTZ17,18682.5,18852.5,18530.5,18604,5344316
20171219,1900,XBTZ17,18604,18752.5,18512.5,18556.5,3223107
20171219,2000,XBTZ17,18556.5,18617.5,17910.5,18292,9176768
