20171128,0000,XMRZ17,0.019748,0.019355,0.019355,0.019355,2
20171128,0100,XMRZ17,0.019355,0.020596,0.019393,0.019432,155
20171128,0200,XMRZ17,0.019432,0.019887,0.019799,0.019887,37
20171128,0300,XMRZ17,0.019887,0.020594,0.019555,0.020594,99
20171128,0400,XMRZ17,0.020594,0.020398,0.020002,0.020396,60
20171128,0500,XMRZ17,0.020396,0.020396,0.020112,0.020112,24
20171128,0600,XMRZ17,0.020112,0.020395,0.020151,0.020153,44
20171128,0700,XMRZ17,0.020153,0.020283,0.020157,0.020157,5
20171128,0800,XMRZ17,0.020157,0.020899,0.020283,0.020898,206
20171128,0900,XMRZ17,0.020898,0.020779,0.0202,0.0202,86
20171128,1000,XMRZ17,0.0202,0.020785,0.020785,0.020785,54
20171128,1100,XMRZ17,0.020785,0.020808,0.02075,0.020751,84
20171128,1200,XMRZ17,0.020751,0.020808,0.020354,0.020808,21
20171128,1300,XMRZ17,0.020808,0.020567,0.020156,0.020156,94
20171128,1400,XMRZ17,0.020156,0.020156,0.020156,0.020156,0
20171128,1500,XMRZ17,0.020156,0.020156,0.020156,0.020156,0
20171128,1600,XMRZ17,0.020156,0.020528,0.020281,0.020528,28
20171128,1700,XMRZ17,0.020528,0.020719,0.02042,0.02042,47
20171128,1800,XMRZ17,0.02042,0.020312,0.020218,0.020312,18
20171128,1900,XMRZ17,0.020312,0.020557,0.02016,0.02016,33
20171128,2000,XMRZ17,0.02016,0.021432,0.020214,0.021404,58
20171128,2100,XMRZ17,0.021404,0.0217,0.021,0.02141,246
20171128,2200,XMRZ17,0.02141,0.021607,0.020583,0.020744,19
20171128,2300,XMRZ17,0.020744,0.021336,0.020833,0.021336,62
20171129,0000,XMRZ17,0.021336,0.022105,0.02112,0.022105,86
20171129,0100,XMRZ17,0.022105,0.0223,0.022107,0.0223,68
20171129,0200,XMRZ17,0.0223,0.022299,0.021371,0.021388,78
20171129,0300,XMRZ17,0.021388,0.021643,0.021211,0.021636,282
20171129,0400,XMRZ17,0.021636,0.02163,0.021197,0.021204,68
20171129,0500,XMRZ17,0.021204,0.02117,0.020203,0.020203,90
20171129,0600,XMRZ17,0.020203,0.020263,0.019254,0.019281,267
20171129,0700,XMRZ17,0.019281,0.020278,0.019591,0.019679,187
20171129,0800,XMRZ17,0.019679,0.019743,0.01956,0.019631,16
20171129,0900,XMRZ17,0.019631,0.019851,0.019851,0.019851,6
20171129,1000,XMRZ17,0.019851,0.019773,0.019571,0.019773,73
20171129,1100,XMRZ17,0.019773,0.019852,0.0196,0.0196,19
20171129,1200,XMRZ17,0.0196,0.01982,0.019502,0.019797,51
20171129,1300,XMRZ17,0.019797,0.020659,0.019506,0.020659,1300
20171129,1400,XMRZ17,0.020659,0.019999,0.019504,0.019504,90
20171129,1500,XMRZ17,0.019504,0.019538,0.019055,0.019101,146
20171129,1600,XMRZ17,0.019101,0.020516,0.019054,0.019054,52
20171129,1700,XMRZ17,0.019054,0.020531,0.018024,0.018024,877
20171129,1800,XMRZ17,0.018024,0.019777,0.018377,0.019767,53
20171129,1900,XMRZ17,0.019767,0.019767,0.019767,0.019767,1
20171129,2000,XMRZ17,0.019767,0.019655,0.018333,0.0185,40
20171129,2100,XMRZ17,0.0185,0.019663,0.01851,0.019583,59
20171129,2200,XMRZ17,0.019583,0.018512,0.018512,0.018512,1
20171129,2300,XMRZ17,0.018512,0.018668,0.01841,0.018668,13
20171130,0000,XMRZ17,0.018668,0.018668,0.018301,0.018301,264
20171130,0100,XMRZ17,0.018301,0.018662,0.018302,0.018302,28
20171130,0200,XMRZ17,0.018302,0.019495,0.018649,0.019495,77
20171130,0300,XMRZ17,0.019495,0.019495,0.019495,0.019495,0
20171130,0400,XMRZ17,0.019495,0.019495,0.019495,0.019495,0
20171130,0500,XMRZ17,0.019495,0.019488,0.01867,0.01867,49
20171130,0600,XMRZ17,0.01867,0.019439,0.018667,0.018667,159
20171130,0700,XMRZ17,0.018667,0.019439,0.018303,0.018425,141
20171130,0800,XMRZ17,0.018425,0.018945,0.018396,0.018733,270
20171130,0900,XMRZ17,0.018733,0.018588,0.018402,0.018588,87
20171130,1000,XMRZ17,0.018588,0.019531,0.018865,0.019531,112
20171130,1100,XMRZ17,0.019531,0.019914,0.019619,0.019619,96
20171130,1200,XMRZ17,0.019619,0.019619,0.01961,0.01961,3
20171130,1300,XMRZ17,0.01961,0.019305,0.018898,0.018955,27
20171130,1400,XMRZ17,0.018955,0.018581,0.018266,0.0183,362
20171130,1500,XMRZ17,0.0183,0.018343,0.017843,0.018108,1297
20171130,1600,XMRZ17,0.018108,0.018582,0.017781,0.018488,453
20171130,1700,XMRZ17,0.018488,0.019283,0.01824,0.01824,186
20171130,1800,XMRZ17,0.01824,0.018519,0.01819,0.018428,15
20171130,1900,XMRZ17,0.018428,0.018447,0.018447,0.018447,10
20171130,2000,XMRZ17,0.018447,0.018562,0.018215,0.018562,121
20171130,2100,XMRZ17,0.018562,0.018562,0.018195,0.018195,28
20171130,2200,XMRZ17,0.018195,0.018563,0.018561,0.018563,38
20171130,2300,XMRZ17,0.018563,0.018922,0.018788,0.018922,5
20171201,0000,XMRZ17,0.018922,0.019118,0.018983,0.019052,25
20171201,0100,XMRZ17,0.019052,0.018751,0.018489,0.018489,10
20171201,0200,XMRZ17,0.018489,0.01854,0.01854,0.01854,2
20171201,0300,XMRZ17,0.01854,0.018735,0.018626,0.018626,8
20171201,0400,XMRZ17,0.018626,0.018696,0.018543,0.018696,129
20171201,0500,XMRZ17,0.018696,0.018929,0.018919,0.018929,68
20171201,0600,XMRZ17,0.018929,0.018988,0.018906,0.018988,5
20171201,0700,XMRZ17,0.018988,0.018911,0.0189,0.018911,10
20171201,0800,XMRZ17,0.018911,0.019152,0.019,0.019152,12
20171201,0900,XMRZ17,0.019152,0.019152,0.019152,0.019152,0
20171201,1000,XMRZ17,0.019152,0.019122,0.01898,0.019054,29
20171201,1100,XMRZ17,0.019054,0.01899,0.018945,0.018945,4
20171201,1200,XMRZ17,0.018945,0.019006,0.0188,0.0188,105
20171201,1300,XMRZ17,0.0188,0.018785,0.01822,0.018443,787
20171201,1400,XMRZ17,0.018443,0.018718,0.017679,0.01768,1171
20171201,1500,XMRZ17,0.01768,0.018237,0.017651,0.017652,470
20171201,1600,XMRZ17,0.017652,0.018399,0.018018,0.018202,514
20171201,1700,XMRZ17,0.018202,0.018377,0.018178,0.018192,44
20171201,1800,XMRZ17,0.018192,0.018291,0.01785,0.01785,4
20171201,1900,XMRZ17,0.01785,0.018291,0.018291,0.018291,1
20171201,2000,XMRZ17,0.018291,0.018291,0.018291,0.018291,0
20171201,2100,XMRZ17,0.018291,0.018291,0.018291,0.018291,0
20171201,2200,XMRZ17,0.018291,0.018291,0.01785,0.01785,41
20171201,2300,XMRZ17,0.01785,0.018591,0.018591,0.018591,2
20171202,0000,XMRZ17,0.018591,0.018656,0.018656,0.018656,3
20171202,0100,XMRZ17,0.018656,0.018656,0.018656,0.018656,0
20171202,0200,XMRZ17,0.018656,0.018656,0.018656,0.018656,0
20171202,0300,XMRZ17,0.018656,0.018656,0.018656,0.018656,0
20171202,0400,XMRZ17,0.018656,0.018507,0.018151,0.018489,20
20171202,0500,XMRZ17,0.018489,0.018495,0.018012,0.018013,102
20171202,0600,XMRZ17,0.018013,0.018414,0.017988,0.018062,177
20171202,0700,XMRZ17,0.018062,0.018062,0.018062,0.018062,0
20171202,0800,XMRZ17,0.018062,0.018446,0.0181,0.0181,10
20171202,0900,XMRZ17,0.0181,0.018002,0.017835,0.01785,28
20171202,1000,XMRZ17,0.01785,0.017835,0.017708,0.017709,110
20171202,1100,XMRZ17,0.017709,0.018151,0.017704,0.017992,311
20171202,1200,XMRZ17,0.017992,0.017999,0.017999,0.017999,8
20171202,1300,XMRZ17,0.017999,0.018,0.018,0.018,3
20171202,1400,XMRZ17,0.018,0.018,0.018,0.018,2
20171202,1500,XMRZ17,0.018,0.017872,0.017863,0.017872,7
20171202,1600,XMRZ17,0.017872,0.018206,0.018,0.018206,8
20171202,1700,XMRZ17,0.018206,0.018202,0.018202,0.018202,3
20171202,1800,XMRZ17,0.018202,0.017791,0.017791,0.017791,17
20171202,1900,XMRZ17,0.017791,0.0182,0.018001,0.0182,19
20171202,2000,XMRZ17,0.0182,0.018004,0.018004,0.018004,3
20171202,2100,XMRZ17,0.018004,0.018297,0.018032,0.018297,4
20171202,2200,XMRZ17,0.018297,0.018042,0.018042,0.018042,10
20171202,2300,XMRZ17,0.018042,0.0183,0.018072,0.0183,4
20171203,0000,XMRZ17,0.0183,0.019,0.018599,0.019,31
20171203,0100,XMRZ17,0.019,0.019975,0.018922,0.019101,78
20171203,0200,XMRZ17,0.019101,0.019198,0.019132,0.019133,29
20171203,0300,XMRZ17,0.019133,0.01926,0.019104,0.01926,81
20171203,0400,XMRZ17,0.01926,0.019262,0.018457,0.018562,463
20171203,0500,XMRZ17,0.018562,0.018586,0.018138,0.018138,146
20171203,0600,XMRZ17,0.018138,0.018255,0.018192,0.018193,42
20171203,0700,XMRZ17,0.018193,0.018338,0.018337,0.018338,25
20171203,0800,XMRZ17,0.018338,0.0185,0.018368,0.018368,7
20171203,0900,XMRZ17,0.018368,0.018425,0.018328,0.018425,9
20171203,1000,XMRZ17,0.018425,0.019002,0.018369,0.019002,464
20171203,1100,XMRZ17,0.019002,0.019367,0.018754,0.019367,79
20171203,1200,XMRZ17,0.019367,0.018754,0.018752,0.018752,17
20171203,1300,XMRZ17,0.018752,0.018793,0.01851,0.018768,256
20171203,1400,XMRZ17,0.018768,0.018591,0.018526,0.018591,3
20171203,1500,XMRZ17,0.018591,0.018511,0.01851,0.01851,58
20171203,1600,XMRZ17,0.01851,0.01873,0.018423,0.018423,556
20171203,1700,XMRZ17,0.018423,0.01869,0.018388,0.01869,32
20171203,1800,XMRZ17,0.01869,0.01869,0.018394,0.01869,26
20171203,1900,XMRZ17,0.01869,0.01873,0.01869,0.01873,12
20171203,2000,XMRZ17,0.01873,0.018573,0.01831,0.01831,395
20171203,2100,XMRZ17,0.01831,0.01831,0.01831,0.01831,0
20171203,2200,XMRZ17,0.01831,0.018727,0.018595,0.018646,126
20171203,2300,XMRZ17,0.018646,0.018727,0.018637,0.018637,33
20171204,0000,XMRZ17,0.018637,0.018637,0.018637,0.018637,0
20171204,0100,XMRZ17,0.018637,0.018968,0.01833,0.018968,119
20171204,0200,XMRZ17,0.018968,0.018873,0.018608,0.018873,86
20171204,0300,XMRZ17,0.018873,0.018303,0.018303,0.018303,1
20171204,0400,XMRZ17,0.018303,0.018386,0.018386,0.018386,1
20171204,0500,XMRZ17,0.018386,0.018341,0.018338,0.018341,85
20171204,0600,XMRZ17,0.018341,0.018321,0.018321,0.018321,6
20171204,0700,XMRZ17,0.018321,0.018376,0.018357,0.018357,33
20171204,0800,XMRZ17,0.018357,0.018357,0.018357,0.018357,0
20171204,0900,XMRZ17,0.018357,0.018378,0.018322,0.018378,59
20171204,1000,XMRZ17,0.018378,0.018664,0.018345,0.018664,272
20171204,1100,XMRZ17,0.018664,0.018664,0.018664,0.018664,0
20171204,1200,XMRZ17,0.018664,0.0185,0.0184,0.0184,77
20171204,1300,XMRZ17,0.0184,0.018519,0.018512,0.018519,30
20171204,1400,XMRZ17,0.018519,0.018519,0.018519,0.018519,0
20171204,1500,XMRZ17,0.018519,0.018366,0.018311,0.018311,50
20171204,1600,XMRZ17,0.018311,0.018311,0.018311,0.018311,0
20171204,1700,XMRZ17,0.018311,0.0187,0.018389,0.0187,29
20171204,1800,XMRZ17,0.0187,0.01875,0.018474,0.01875,75
20171204,1900,XMRZ17,0.01875,0.019,0.018749,0.018999,19
20171204,2000,XMRZ17,0.018999,0.019083,0.018719,0.018719,118
20171204,2100,XMRZ17,0.018719,0.018719,0.018719,0.018719,0
20171204,2200,XMRZ17,0.018719,0.018774,0.018654,0.018654,17
20171204,2300,XMRZ17,0.018654,0.019073,0.01902,0.01902,2
20171205,0000,XMRZ17,0.01902,0.019081,0.018983,0.019081,3
20171205,0100,XMRZ17,0.019081,0.019236,0.019059,0.019236,11
20171205,0200,XMRZ17,0.019236,0.019547,0.019255,0.019522,298
20171205,0300,XMRZ17,0.019522,0.0196,0.019266,0.019433,41
20171205,0400,XMRZ17,0.019433,0.019433,0.019433,0.019433,0
20171205,0500,XMRZ17,0.019433,0.019323,0.019256,0.019256,31
20171205,0600,XMRZ17,0.019256,0.019423,0.019423,0.019423,4
20171205,0700,XMRZ17,0.019423,0.020097,0.019773,0.020097,170
20171205,0800,XMRZ17,0.020097,0.020202,0.019924,0.019924,137
20171205,0900,XMRZ17,0.019924,0.019844,0.019462,0.019518,116
20171205,1000,XMRZ17,0.019518,0.019809,0.019546,0.019675,180
20171205,1100,XMRZ17,0.019675,0.019994,0.019847,0.01994,102
20171205,1200,XMRZ17,0.01994,0.020019,0.019836,0.019838,151
20171205,1300,XMRZ17,0.019838,0.0213,0.020092,0.0213,1184
20171205,1400,XMRZ17,0.0213,0.021361,0.020155,0.020284,605
20171205,1500,XMRZ17,0.020284,0.021324,0.020241,0.02096,1050
20171205,1600,XMRZ17,0.02096,0.02123,0.020645,0.020649,406
20171205,1700,XMRZ17,0.020649,0.021475,0.020671,0.02145,717
20171205,1800,XMRZ17,0.02145,0.021586,0.021113,0.021579,1608
20171205,1900,XMRZ17,0.021579,0.021586,0.021429,0.021429,3739
20171205,2000,XMRZ17,0.021429,0.021437,0.02101,0.021039,566
20171205,2100,XMRZ17,0.021039,0.021473,0.021103,0.021255,107
20171205,2200,XMRZ17,0.021255,0.021585,0.021448,0.021585,94
20171205,2300,XMRZ17,0.021585,0.021586,0.021505,0.021586,443
20171206,0000,XMRZ17,0.021586,0.021586,0.021542,0.021586,441
20171206,0100,XMRZ17,0.021586,0.024164,0.021586,0.023951,2860
20171206,0200,XMRZ17,0.023951,0.024435,0.022496,0.024356,1901
20171206,0300,XMRZ17,0.024356,0.024356,0.022151,0.022151,1368
20171206,0400,XMRZ17,0.022151,0.022988,0.022151,0.022151,788
20171206,0500,XMRZ17,0.022151,0.022988,0.022968,0.022988,12
20171206,0600,XMRZ17,0.022988,0.023176,0.02288,0.02288,167
20171206,0700,XMRZ17,0.02288,0.02272,0.021784,0.022085,225
20171206,0800,XMRZ17,0.022085,0.022481,0.02165,0.021884,360
20171206,0900,XMRZ17,0.021884,0.022812,0.021541,0.021886,193
20171206,1000,XMRZ17,0.021886,0.023043,0.021899,0.022624,227
20171206,1100,XMRZ17,0.022624,0.023741,0.02226,0.022306,354
20171206,1200,XMRZ17,0.022306,0.023314,0.022321,0.022992,106
20171206,1300,XMRZ17,0.022992,0.023095,0.022676,0.022676,263
20171206,1400,XMRZ17,0.022676,0.02363,0.022677,0.023515,470
20171206,1500,XMRZ17,0.023515,0.024129,0.022679,0.022795,716
20171206,1600,XMRZ17,0.022795,0.02335,0.022901,0.023134,256
20171206,1700,XMRZ17,0.023134,0.023124,0.021836,0.022,307
20171206,1800,XMRZ17,0.022,0.022044,0.021786,0.022036,46
20171206,1900,XMRZ17,0.022036,0.022604,0.022044,0.022185,93
20171206,2000,XMRZ17,0.022185,0.022151,0.020107,0.020433,782
20171206,2100,XMRZ17,0.020433,0.020836,0.02,0.020836,420
20171206,2200,XMRZ17,0.020836,0.020932,0.020482,0.02081,53
20171206,2300,XMRZ17,0.02081,0.020998,0.019038,0.019038,860
20171207,0000,XMRZ17,0.019038,0.01985,0.01925,0.019443,871
20171207,0100,XMRZ17,0.019443,0.019319,0.018,0.019205,2169
20171207,0200,XMRZ17,0.019205,0.018844,0.017848,0.018001,596
20171207,0300,XMRZ17,0.018001,0.018885,0.018254,0.018466,192
20171207,0400,XMRZ17,0.018466,0.01868,0.018412,0.01858,389
20171207,0500,XMRZ17,0.01858,0.018695,0.018402,0.018695,64
20171207,0600,XMRZ17,0.018695,0.018851,0.018577,0.018747,291
20171207,0700,XMRZ17,0.018747,0.018793,0.0184,0.018793,277
20171207,0800,XMRZ17,0.018793,0.020275,0.019041,0.020047,275
20171207,0900,XMRZ17,0.020047,0.019421,0.018676,0.018676,131
20171207,1000,XMRZ17,0.018676,0.019507,0.0186,0.0186,58
20171207,1100,XMRZ17,0.0186,0.018496,0.0175,0.017547,1048
20171207,1200,XMRZ17,0.017547,0.018176,0.016966,0.018176,1534
20171207,1300,XMRZ17,0.018176,0.018149,0.017725,0.01792,67
20171207,1400,XMRZ17,0.01792,0.018038,0.017794,0.017794,25
20171207,1500,XMRZ17,0.017794,0.017779,0.017442,0.017563,217
20171207,1600,XMRZ17,0.017563,0.017463,0.015643,0.015999,2286
20171207,1700,XMRZ17,0.015999,0.016013,0.0151,0.015224,8276
20171207,1800,XMRZ17,0.015224,0.016488,0.015224,0.016,2570
20171207,1900,XMRZ17,0.016,0.015975,0.015201,0.015201,56
20171207,2000,XMRZ17,0.015201,0.01622,0.015201,0.016214,390
20171207,2100,XMRZ17,0.016214,0.017098,0.01592,0.01709,432
20171207,2200,XMRZ17,0.01709,0.01704,0.0161,0.0161,102
20171207,2300,XMRZ17,0.0161,0.016,0.01567,0.015767,106
20171208,0000,XMRZ17,0.015767,0.015988,0.015796,0.015796,116
20171208,0100,XMRZ17,0.015796,0.015797,0.014862,0.014999,825
20171208,0200,XMRZ17,0.014999,0.015024,0.014659,0.014703,388
20171208,0300,XMRZ17,0.014703,0.015377,0.014718,0.015318,170
20171208,0400,XMRZ17,0.015318,0.015984,0.015302,0.015485,260
20171208,0500,XMRZ17,0.015485,0.016218,0.015606,0.016218,17
20171208,0600,XMRZ17,0.016218,0.016754,0.016335,0.016351,114
20171208,0700,XMRZ17,0.016351,0.016476,0.015553,0.015553,199
20171208,0800,XMRZ17,0.015553,0.015998,0.015677,0.015998,29
20171208,0900,XMRZ17,0.015998,0.016144,0.015639,0.016144,133
20171208,1000,XMRZ17,0.016144,0.016754,0.016385,0.016606,315
20171208,1100,XMRZ17,0.016606,0.016787,0.016547,0.016787,149
20171208,1200,XMRZ17,0.016787,0.017639,0.016787,0.016934,790
20171208,1300,XMRZ17,0.016934,0.017184,0.016873,0.017092,672
20171208,1400,XMRZ17,0.017092,0.017122,0.016802,0.016802,121
20171208,1500,XMRZ17,0.016802,0.01688,0.016152,0.016152,229
20171208,1600,XMRZ17,0.016152,0.016875,0.01627,0.016803,403
20171208,1700,XMRZ17,0.016803,0.017986,0.016955,0.017932,433
20171208,1800,XMRZ17,0.017932,0.018035,0.017512,0.018035,660
20171208,1900,XMRZ17,0.018035,0.018039,0.017334,0.017393,359
20171208,2000,XMRZ17,0.017393,0.01766,0.017049,0.017427,414
20171208,2100,XMRZ17,0.017427,0.017394,0.01716,0.017197,267
20171208,2200,XMRZ17,0.017197,0.017268,0.0165,0.0165,181
20171208,2300,XMRZ17,0.0165,0.016862,0.01634,0.016664,111
20171209,0000,XMRZ17,0.016664,0.016669,0.016647,0.016664,26
20171209,0100,XMRZ17,0.016664,0.016423,0.016379,0.016379,6
20171209,0200,XMRZ17,0.016379,0.017151,0.016534,0.017151,229
20171209,0300,XMRZ17,0.017151,0.01705,0.016946,0.016946,42
20171209,0400,XMRZ17,0.016946,0.017431,0.017143,0.01743,69
20171209,0500,XMRZ17,0.01743,0.017428,0.017332,0.017346,16
20171209,0600,XMRZ17,0.017346,0.017683,0.017428,0.017666,20
20171209,0700,XMRZ17,0.017666,0.01774,0.01748,0.01748,56
20171209,0800,XMRZ17,0.01748,0.017495,0.017423,0.017495,95
20171209,0900,XMRZ17,0.017495,0.017619,0.017482,0.017485,33
20171209,1000,XMRZ17,0.017485,0.018117,0.0176,0.018117,486
20171209,1100,XMRZ17,0.018117,0.01821,0.017923,0.018193,109
20171209,1200,XMRZ17,0.018193,0.018194,0.01779,0.01794,37
20171209,1300,XMRZ17,0.01794,0.01801,0.017569,0.01801,31
20171209,1400,XMRZ17,0.01801,0.01805,0.0179,0.0179,110
20171209,1500,XMRZ17,0.0179,0.017901,0.017674,0.017674,40
20171209,1600,XMRZ17,0.017674,0.018195,0.01805,0.01818,42
20171209,1700,XMRZ17,0.01818,0.018978,0.018195,0.0189,78
20171209,1800,XMRZ17,0.0189,0.0191,0.0184,0.0184,76
20171209,1900,XMRZ17,0.0184,0.0184,0.017763,0.018082,160
20171209,2000,XMRZ17,0.018082,0.018295,0.01753,0.017714,42
20171209,2100,XMRZ17,0.017714,0.017984,0.017431,0.017431,22
20171209,2200,XMRZ17,0.017431,0.017694,0.017423,0.017694,120
20171209,2300,XMRZ17,0.017694,0.017887,0.017432,0.017887,9
20171210,0000,XMRZ17,0.017887,0.017887,0.017541,0.017545,5
20171210,0100,XMRZ17,0.017545,0.017856,0.017441,0.017856,161
20171210,0200,XMRZ17,0.017856,0.018131,0.017857,0.018131,8
20171210,0300,XMRZ17,0.018131,0.01813,0.017473,0.018082,123
20171210,0400,XMRZ17,0.018082,0.018,0.017202,0.017202,271
20171210,0500,XMRZ17,0.017202,0.017588,0.016841,0.0172,186
20171210,0600,XMRZ17,0.0172,0.01716,0.01696,0.01696,94
20171210,0700,XMRZ17,0.01696,0.017,0.017,0.017,1
20171210,0800,XMRZ17,0.017,0.016801,0.016801,0.016801,4
20171210,0900,XMRZ17,0.016801,0.016801,0.016801,0.016801,0
20171210,1000,XMRZ17,0.016801,0.017308,0.017308,0.017308,1
20171210,1100,XMRZ17,0.017308,0.017258,0.017056,0.017056,7
20171210,1200,XMRZ17,0.017056,0.01724,0.017105,0.01724,188
20171210,1300,XMRZ17,0.01724,0.017387,0.01724,0.017387,40
20171210,1400,XMRZ17,0.017387,0.017369,0.016803,0.016803,162
20171210,1500,XMRZ17,0.016803,0.016802,0.016334,0.016334,147
20171210,1600,XMRZ17,0.016334,0.016343,0.016022,0.016022,171
20171210,1700,XMRZ17,0.016022,0.016277,0.015931,0.016277,28
20171210,1800,XMRZ17,0.016277,0.016329,0.015964,0.015964,9
20171210,1900,XMRZ17,0.015964,0.016233,0.016094,0.016094,13
20171210,2000,XMRZ17,0.016094,0.016345,0.015901,0.015901,75
20171210,2100,XMRZ17,0.015901,0.016348,0.016015,0.016263,14
20171210,2200,XMRZ17,0.016263,0.0163,0.016291,0.0163,20
20171210,2300,XMRZ17,0.0163,0.0164,0.01628,0.01628,103
20171211,0000,XMRZ17,0.01628,0.016134,0.016,0.016,3
20171211,0100,XMRZ17,0.016,0.016,0.016,0.016,0
20171211,0200,XMRZ17,0.016,0.016111,0.015902,0.015902,26
20171211,0300,XMRZ17,0.015902,0.015902,0.015779,0.015779,43
20171211,0400,XMRZ17,0.015779,0.015779,0.015779,0.015779,0
20171211,0500,XMRZ17,0.015779,0.015933,0.015763,0.015813,60
20171211,0600,XMRZ17,0.015813,0.015694,0.015625,0.015625,19
20171211,0700,XMRZ17,0.015625,0.015713,0.015587,0.015633,14
20171211,0800,XMRZ17,0.015633,0.015757,0.015736,0.015756,63
20171211,0900,XMRZ17,0.015756,0.016103,0.015938,0.016059,204
20171211,1000,XMRZ17,0.016059,0.015977,0.015977,0.015977,1
20171211,1100,XMRZ17,0.015977,0.015961,0.015915,0.015915,2
20171211,1200,XMRZ17,0.015915,0.015915,0.015915,0.015915,0
20171211,1300,XMRZ17,0.015915,0.015915,0.015915,0.015915,0
20171211,1400,XMRZ17,0.015915,0.01607,0.015887,0.015887,473
20171211,1500,XMRZ17,0.015887,0.016213,0.015831,0.016168,145
20171211,1600,XMRZ17,0.016168,0.016054,0.015873,0.015873,56
20171211,1700,XMRZ17,0.015873,0.015961,0.015882,0.015961,112
20171211,1800,XMRZ17,0.015961,0.016004,0.015962,0.015962,71
20171211,1900,XMRZ17,0.015962,0.016401,0.01605,0.016344,443
20171211,2000,XMRZ17,0.016344,0.016342,0.016126,0.01615,633
20171211,2100,XMRZ17,0.01615,0.016021,0.015589,0.016021,162
20171211,2200,XMRZ17,0.016021,0.015924,0.015818,0.015924,108
20171211,2300,XMRZ17,0.015924,0.015922,0.015808,0.015856,66
20171212,0000,XMRZ17,0.015856,0.016715,0.016075,0.016715,161
20171212,0100,XMRZ17,0.016715,0.017304,0.016888,0.016919,389
20171212,0200,XMRZ17,0.016919,0.018037,0.016833,0.017212,647
20171212,0300,XMRZ17,0.017212,0.017801,0.017492,0.0178,162
20171212,0400,XMRZ17,0.0178,0.018746,0.0178,0.01805,603
20171212,0500,XMRZ17,0.01805,0.017965,0.017551,0.0176,181
20171212,0600,XMRZ17,0.0176,0.01759,0.01736,0.01736,248
20171212,0700,XMRZ17,0.01736,0.01736,0.01678,0.016783,239
20171212,0800,XMRZ17,0.016783,0.017035,0.016775,0.017035,59
20171212,0900,XMRZ17,0.017035,0.016913,0.016902,0.016902,25
20171212,1000,XMRZ17,0.016902,0.017297,0.017101,0.017294,140
20171212,1100,XMRZ17,0.017294,0.017292,0.017015,0.017062,37
20171212,1200,XMRZ17,0.017062,0.017349,0.017096,0.017215,40
20171212,1300,XMRZ17,0.017215,0.01735,0.017242,0.017254,240
20171212,1400,XMRZ17,0.017254,0.01735,0.0171,0.017103,561
20171212,1500,XMRZ17,0.017103,0.017217,0.017038,0.017172,35
20171212,1600,XMRZ17,0.017172,0.018125,0.017205,0.017699,1190
20171212,1700,XMRZ17,0.017699,0.018831,0.017549,0.018289,688
20171212,1800,XMRZ17,0.018289,0.018729,0.018116,0.018125,1300
20171212,1900,XMRZ17,0.018125,0.018175,0.0171,0.017427,1057
20171212,2000,XMRZ17,0.017427,0.017999,0.0175,0.017781,28
20171212,2100,XMRZ17,0.017781,0.018,0.017681,0.017923,661
20171212,2200,XMRZ17,0.017923,0.0184,0.017922,0.01836,609
20171212,2300,XMRZ17,0.01836,0.018249,0.017618,0.017635,653
20171213,0000,XMRZ17,0.017635,0.018424,0.017676,0.018316,650
20171213,0100,XMRZ17,0.018316,0.01831,0.018,0.018248,468
20171213,0200,XMRZ17,0.018248,0.018328,0.01813,0.01813,305
20171213,0300,XMRZ17,0.01813,0.018336,0.017794,0.017794,626
20171213,0400,XMRZ17,0.017794,0.01811,0.017482,0.018038,161
20171213,0500,XMRZ17,0.018038,0.018053,0.017684,0.018053,565
20171213,0600,XMRZ17,0.018053,0.018199,0.017832,0.018199,160
20171213,0700,XMRZ17,0.018199,0.018679,0.018199,0.018536,194
20171213,0800,XMRZ17,0.018536,0.018713,0.018222,0.018397,430
20171213,0900,XMRZ17,0.018397,0.019148,0.01849,0.019088,411
20171213,1000,XMRZ17,0.019088,0.020142,0.019121,0.020001,706
20171213,1100,XMRZ17,0.020001,0.020308,0.019309,0.01975,1795
20171213,1200,XMRZ17,0.01975,0.020239,0.0195,0.020168,605
20171213,1300,XMRZ17,0.020168,0.020232,0.018714,0.018945,1033
20171213,1400,XMRZ17,0.018945,0.0192,0.018433,0.019084,264
20171213,1500,XMRZ17,0.019084,0.019691,0.01883,0.018981,441
20171213,1600,XMRZ17,0.018981,0.019329,0.018969,0.0193,343
20171213,1700,XMRZ17,0.0193,0.019435,0.019102,0.019435,811
20171213,1800,XMRZ17,0.019435,0.019404,0.019,0.019098,203
20171213,1900,XMRZ17,0.019098,0.019368,0.018793,0.018866,357
20171213,2000,XMRZ17,0.018866,0.019286,0.018971,0.019248,109
20171213,2100,XMRZ17,0.019248,0.019133,0.018849,0.018849,211
20171213,2200,XMRZ17,0.018849,0.018935,0.018887,0.018923,215
20171213,2300,XMRZ17,0.018923,0.018935,0.0186,0.018843,304
20171214,0000,XMRZ17,0.018843,0.018935,0.018745,0.018799,159
20171214,0100,XMRZ17,0.018799,0.01928,0.018807,0.019266,892
20171214,0200,XMRZ17,0.019266,0.020033,0.019065,0.020033,668
20171214,0300,XMRZ17,0.020033,0.020295,0.019484,0.019945,746
20171214,0400,XMRZ17,0.019945,0.020497,0.019805,0.020497,613
20171214,0500,XMRZ17,0.020497,0.020482,0.019844,0.020482,412
20171214,0600,XMRZ17,0.020482,0.020626,0.02039,0.020626,284
20171214,0700,XMRZ17,0.020626,0.021799,0.02039,0.020666,2241
20171214,0800,XMRZ17,0.020666,0.021249,0.020635,0.020834,736
20171214,0900,XMRZ17,0.020834,0.020601,0.0195,0.019989,601
20171214,1000,XMRZ17,0.019989,0.020173,0.019915,0.020016,173
20171214,1100,XMRZ17,0.020016,0.02,0.019818,0.0199,369
20171214,1200,XMRZ17,0.0199,0.020007,0.01976,0.020007,127
20171214,1300,XMRZ17,0.020007,0.020044,0.019707,0.019871,249
20171214,1400,XMRZ17,0.019871,0.019742,0.0194,0.019418,459
20171214,1500,XMRZ17,0.019418,0.019478,0.018901,0.01901,959
20171214,1600,XMRZ17,0.01901,0.018966,0.018721,0.018903,296
20171214,1700,XMRZ17,0.018903,0.019416,0.018852,0.019238,536
20171214,1800,XMRZ17,0.019238,0.019416,0.019193,0.019416,139
20171214,1900,XMRZ17,0.019416,0.019569,0.019416,0.019476,447
20171214,2000,XMRZ17,0.019476,0.01965,0.019319,0.019594,340
20171214,2100,XMRZ17,0.019594,0.0199,0.019466,0.019466,1581
20171214,2200,XMRZ17,0.019466,0.020219,0.019499,0.019936,814
20171214,2300,XMRZ17,0.019936,0.020109,0.019252,0.019819,311
20171215,0000,XMRZ17,0.019819,0.020252,0.019803,0.0201,214
20171215,0100,XMRZ17,0.0201,0.020169,0.019249,0.019249,243
20171215,0200,XMRZ17,0.019249,0.019302,0.018382,0.018398,759
20171215,0300,XMRZ17,0.018398,0.01855,0.0168,0.017155,1480
20171215,0400,XMRZ17,0.017155,0.017746,0.017234,0.017383,386
20171215,0500,XMRZ17,0.017383,0.017905,0.017553,0.017596,156
20171215,0600,XMRZ17,0.017596,0.017505,0.017384,0.017389,219
20171215,0700,XMRZ17,0.017389,0.017874,0.017452,0.017853,399
20171215,0800,XMRZ17,0.017853,0.01817,0.017929,0.017999,98
20171215,0900,XMRZ17,0.017999,0.018114,0.017865,0.017899,28
20171215,1000,XMRZ17,0.017899,0.017859,0.01745,0.01745,247
20171215,1100,XMRZ17,0.01745,0.01745,0.01681,0.017001,171
20171215,1200,XMRZ17,0.017001,0.017188,0.017001,0.017132,14
20171215,1300,XMRZ17,0.017132,0.017134,0.016859,0.017124,142
20171215,1400,XMRZ17,0.017124,0.017612,0.017272,0.017612,58
20171215,1500,XMRZ17,0.017612,0.017613,0.017356,0.017529,134
20171215,1600,XMRZ17,0.017529,0.01805,0.017716,0.018047,416
20171215,1700,XMRZ17,0.018047,0.018047,0.017481,0.017671,390
20171215,1800,XMRZ17,0.017671,0.017671,0.017671,0.017671,0
20171215,1900,XMRZ17,0.017671,0.018015,0.017859,0.017885,76
20171215,2000,XMRZ17,0.017885,0.017785,0.017697,0.017785,30
20171215,2100,XMRZ17,0.017785,0.0178,0.01761,0.017696,49
20171215,2200,XMRZ17,0.017696,0.0178,0.017732,0.0178,30
20171215,2300,XMRZ17,0.0178,0.01787,0.017774,0.017781,162
20171216,0000,XMRZ17,0.017781,0.017899,0.017759,0.017759,42
20171216,0100,XMRZ17,0.017759,0.0179,0.0179,0.0179,101
20171216,0200,XMRZ17,0.0179,0.01867,0.017899,0.01867,584
20171216,0300,XMRZ17,0.01867,0.018961,0.018203,0.018231,1497
20171216,0400,XMRZ17,0.018231,0.01826,0.018054,0.018218,102
20171216,0500,XMRZ17,0.018218,0.018156,0.017919,0.017922,114
20171216,0600,XMRZ17,0.017922,0.018525,0.018001,0.018525,202
20171216,0700,XMRZ17,0.018525,0.018698,0.018016,0.018082,637
20171216,0800,XMRZ17,0.018082,0.01798,0.017611,0.017803,74
20171216,0900,XMRZ17,0.017803,0.018164,0.017857,0.018125,103
20171216,1000,XMRZ17,0.018125,0.01799,0.017794,0.017917,42
20171216,1100,XMRZ17,0.017917,0.018174,0.01787,0.017884,100
20171216,1200,XMRZ17,0.017884,0.018236,0.018,0.018,6
20171216,1300,XMRZ17,0.018,0.018117,0.018053,0.018117,4
20171216,1400,XMRZ17,0.018117,0.018,0.017522,0.01759,150
20171216,1500,XMRZ17,0.01759,0.017764,0.017522,0.017522,129
20171216,1600,XMRZ17,0.017522,0.017499,0.016739,0.016739,560
20171216,1700,XMRZ17,0.016739,0.017203,0.01672,0.017203,328
20171216,1800,XMRZ17,0.017203,0.017297,0.017095,0.017297,97
20171216,1900,XMRZ17,0.017297,0.017161,0.017161,0.017161,5
20171216,2000,XMRZ17,0.017161,0.017026,0.016649,0.016649,113
20171216,2100,XMRZ17,0.016649,0.016952,0.0166,0.016952,28
20171216,2200,XMRZ17,0.016952,0.017317,0.017056,0.017133,145
20171216,2300,XMRZ17,0.017133,0.017122,0.01691,0.01691,96
20171217,0000,XMRZ17,0.01691,0.01691,0.016709,0.01691,64
20171217,0100,XMRZ17,0.01691,0.018435,0.017039,0.018435,673
20171217,0200,XMRZ17,0.018435,0.018491,0.017561,0.017711,726
20171217,0300,XMRZ17,0.017711,0.017859,0.017568,0.017859,271
20171217,0400,XMRZ17,0.017859,0.0186,0.018326,0.018468,182
20171217,0500,XMRZ17,0.018468,0.018555,0.018287,0.018555,29
20171217,0600,XMRZ17,0.018555,0.0189,0.018525,0.018535,153
20171217,0700,XMRZ17,0.018535,0.018513,0.018283,0.018283,77
20171217,0800,XMRZ17,0.018283,0.018145,0.01773,0.018136,153
20171217,0900,XMRZ17,0.018136,0.018457,0.018193,0.018408,117
20171217,1000,XMRZ17,0.018408,0.018347,0.018111,0.018111,119
20171217,1100,XMRZ17,0.018111,0.018009,0.018009,0.018009,1
20171217,1200,XMRZ17,0.018009,0.017865,0.017772,0.017772,84
20171217,1300,XMRZ17,0.017772,0.017596,0.017565,0.017596,71
20171217,1400,XMRZ17,0.017596,0.017697,0.017614,0.017648,100
20171217,1500,XMRZ17,0.017648,0.017725,0.017635,0.017725,68
20171217,1600,XMRZ17,0.017725,0.018312,0.018067,0.01828,23
20171217,1700,XMRZ17,0.01828,0.018323,0.018058,0.01813,127
20171217,1800,XMRZ17,0.01813,0.017985,0.017888,0.017888,36
20171217,1900,XMRZ17,0.017888,0.017976,0.017976,0.017976,1
20171217,2000,XMRZ17,0.017976,0.018148,0.018148,0.018148,14
20171217,2100,XMRZ17,0.018148,0.018298,0.017742,0.018298,15
20171217,2200,XMRZ17,0.018298,0.0183,0.018299,0.0183,82
20171217,2300,XMRZ17,0.0183,0.018577,0.017952,0.017952,169
20171218,0000,XMRZ17,0.017952,0.018646,0.017953,0.018534,125
20171218,0100,XMRZ17,0.018534,0.018718,0.018457,0.018645,90
20171218,0200,XMRZ17,0.018645,0.018506,0.018097,0.018105,242
20171218,0300,XMRZ17,0.018105,0.018459,0.018289,0.018372,75
20171218,0400,XMRZ17,0.018372,0.018226,0.018226,0.018226,1
20171218,0500,XMRZ17,0.018226,0.018327,0.018317,0.018327,11
20171218,0600,XMRZ17,0.018327,0.018421,0.018108,0.018108,37
20171218,0700,XMRZ17,0.018108,0.018112,0.018066,0.018066,39
20171218,0800,XMRZ17,0.018066,0.018066,0.018066,0.018066,0
20171218,0900,XMRZ17,0.018066,0.018438,0.018387,0.018387,35
20171218,1000,XMRZ17,0.018387,0.018559,0.018452,0.018534,83
20171218,1100,XMRZ17,0.018534,0.01858,0.018562,0.018562,6
20171218,1200,XMRZ17,0.018562,0.018655,0.018557,0.018557,55
20171218,1300,XMRZ17,0.018557,0.018657,0.018392,0.018657,77
20171218,1400,XMRZ17,0.018657,0.018898,0.018555,0.018732,139
20171218,1500,XMRZ17,0.018732,0.019065,0.0187,0.019065,234
20171218,1600,XMRZ17,0.019065,0.0191,0.018917,0.0191,227
20171218,1700,XMRZ17,0.0191,0.019061,0.018752,0.019018,142
20171218,1800,XMRZ17,0.019018,0.019173,0.019064,0.019082,168
20171218,1900,XMRZ17,0.019082,0.019712,0.019087,0.019639,426
20171218,2000,XMRZ17,0.019639,0.0197,0.019353,0.0196,285
20171218,2100,XMRZ17,0.0196,0.019525,0.019271,0.019271,166
20171218,2200,XMRZ17,0.019271,0.0196,0.019243,0.0196,240
20171218,2300,XMRZ17,0.0196,0.019688,0.019533,0.019562,211
20171219,0000,XMRZ17,0.019562,0.019745,0.019253,0.019619,313
20171219,0100,XMRZ17,0.019619,0.019717,0.019415,0.01957,175
20171219,0200,XMRZ17,0.01957,0.02,0.019684,0.01998,196
20171219,0300,XMRZ17,0.01998,0.02,0.01998,0.02,105
20171219,0400,XMRZ17,0.02,0.01999,0.01986,0.0199,17
20171219,0500,XMRZ17,0.0199,0.019897,0.019724,0.019733,56
20171219,0600,XMRZ17,0.019733,0.020002,0.019729,0.019989,53
20171219,0700,XMRZ17,0.019989,0.020323,0.019959,0.02015,820
20171219,0800,XMRZ17,0.02015,0.020451,0.020149,0.02042,199
20171219,0900,XMRZ17,0.02042,0.020856,0.020452,0.020743,382
20171219,1000,XMRZ17,0.020743,0.021323,0.020814,0.020936,423
20171219,1100,XMRZ17,0.020936,0.020937,0.01944,0.020155,710
20171219,1200,XMRZ17,0.020155,0.020754,0.020022,0.020754,88
20171219,1300,XMRZ17,0.020754,0.020793,0.020643,0.020791,17
20171219,1400,XMRZ17,0.020791,0.021431,0.020834,0.021019,1059
20171219,1500,XMRZ17,0.021019,0.021185,0.021016,0.02102,477
20171219,1600,XMRZ17,0.02102,0.021019,0.020592,0.020592,770
20171219,1700,XMRZ17,0.020592,0.020967,0.020532,0.020717,417
20171219,1800,XMRZ17,0.020717,0.020822,0.020447,0.020507,197
20171219,1900,XMRZ17,0.020507,0.02101,0.020726,0.020891,392
20171219,2000,XMRZ17,0.020891,0.02121,0.020894,0.020894,299
