20171128,0000,XRPZ17,2.889e-05,2.878e-05,2.808e-05,2.808e-05,29500
20171128,0100,XRPZ17,2.808e-05,2.878e-05,2.81e-05,2.878e-05,32951
20171128,0200,XRPZ17,2.878e-05,2.96e-05,2.864e-05,2.956e-05,68012
20171128,0300,XRPZ17,2.956e-05,3.04e-05,2.877e-05,3.04e-05,90009
20171128,0400,XRPZ17,3.04e-05,3.156e-05,2.963e-05,3e-05,810264
20171128,0500,XRPZ17,3e-05,3.015e-05,2.908e-05,2.908e-05,103055
20171128,0600,XRPZ17,2.908e-05,2.916e-05,2.85e-05,2.85e-05,91855
20171128,0700,XRPZ17,2.85e-05,2.994e-05,2.851e-05,2.994e-05,202306
20171128,0800,XRPZ17,2.994e-05,2.948e-05,2.901e-05,2.925e-05,74240
20171128,0900,XRPZ17,2.925e-05,2.998e-05,2.909e-05,2.909e-05,45085
20171128,1000,XRPZ17,2.909e-05,2.986e-05,2.869e-05,2.88e-05,137804
20171128,1100,XRPZ17,2.88e-05,2.942e-05,2.877e-05,2.884e-05,3493
20171128,1200,XRPZ17,2.884e-05,2.987e-05,2.825e-05,2.825e-05,197752
20171128,1300,XRPZ17,2.825e-05,2.875e-05,2.726e-05,2.726e-05,170259
20171128,1400,XRPZ17,2.726e-05,2.849e-05,2.744e-05,2.848e-05,42737
20171128,1500,XRPZ17,2.848e-05,2.887e-05,2.847e-05,2.887e-05,59710
20171128,1600,XRPZ17,2.887e-05,2.96e-05,2.888e-05,2.953e-05,53433
20171128,1700,XRPZ17,2.953e-05,3.064e-05,2.913e-05,2.971e-05,158793
20171128,1800,XRPZ17,2.971e-05,2.971e-05,2.925e-05,2.95e-05,103756
20171128,1900,XRPZ17,2.95e-05,2.979e-05,2.939e-05,2.941e-05,95231
20171128,2000,XRPZ17,2.941e-05,2.969e-05,2.917e-05,2.93e-05,22292
20171128,2100,XRPZ17,2.93e-05,3.064e-05,2.908e-05,3.064e-05,203810
20171128,2200,XRPZ17,3.064e-05,3.116e-05,3e-05,3.023e-05,205888
20171128,2300,XRPZ17,3.023e-05,3.105e-05,2.963e-05,3.105e-05,233008
20171129,0000,XRPZ17,3.105e-05,3.22e-05,3.085e-05,3.22e-05,213772
20171129,0100,XRPZ17,3.22e-05,3.219e-05,3.025e-05,3.127e-05,246981
20171129,0200,XRPZ17,3.127e-05,3.194e-05,3.026e-05,3.03e-05,157351
20171129,0300,XRPZ17,3.03e-05,3.027e-05,2.908e-05,2.935e-05,409283
20171129,0400,XRPZ17,2.935e-05,2.951e-05,2.785e-05,2.785e-05,396064
20171129,0500,XRPZ17,2.785e-05,2.858e-05,2.761e-05,2.8e-05,460853
20171129,0600,XRPZ17,2.8e-05,2.8e-05,2.686e-05,2.7e-05,299149
20171129,0700,XRPZ17,2.7e-05,2.7e-05,2.536e-05,2.605e-05,3196289
20171129,0800,XRPZ17,2.605e-05,2.66e-05,2.537e-05,2.657e-05,69760
20171129,0900,XRPZ17,2.657e-05,2.657e-05,2.6e-05,2.635e-05,59612
20171129,1000,XRPZ17,2.635e-05,2.665e-05,2.621e-05,2.659e-05,41205
20171129,1100,XRPZ17,2.659e-05,2.626e-05,2.525e-05,2.528e-05,365411
20171129,1200,XRPZ17,2.528e-05,2.622e-05,2.459e-05,2.487e-05,720747
20171129,1300,XRPZ17,2.487e-05,2.599e-05,2.481e-05,2.58e-05,96523
20171129,1400,XRPZ17,2.58e-05,2.624e-05,2.543e-05,2.577e-05,101131
20171129,1500,XRPZ17,2.577e-05,2.595e-05,2.5e-05,2.589e-05,74282
20171129,1600,XRPZ17,2.589e-05,2.624e-05,2.502e-05,2.551e-05,43511
20171129,1700,XRPZ17,2.551e-05,2.572e-05,2.5e-05,2.567e-05,94732
20171129,1800,XRPZ17,2.567e-05,2.572e-05,2.483e-05,2.57e-05,11730
20171129,1900,XRPZ17,2.57e-05,2.649e-05,2.482e-05,2.649e-05,104986
20171129,2000,XRPZ17,2.649e-05,2.672e-05,2.463e-05,2.487e-05,288260
20171129,2100,XRPZ17,2.487e-05,2.586e-05,2.491e-05,2.539e-05,27502
20171129,2200,XRPZ17,2.539e-05,2.54e-05,2.516e-05,2.54e-05,92721
20171129,2300,XRPZ17,2.54e-05,2.572e-05,2.521e-05,2.572e-05,10010
20171130,0000,XRPZ17,2.572e-05,2.574e-05,2.521e-05,2.574e-05,17282
20171130,0100,XRPZ17,2.574e-05,2.573e-05,2.515e-05,2.521e-05,21150
20171130,0200,XRPZ17,2.521e-05,2.573e-05,2.514e-05,2.517e-05,103244
20171130,0300,XRPZ17,2.517e-05,2.52e-05,2.514e-05,2.519e-05,39280
20171130,0400,XRPZ17,2.519e-05,2.519e-05,2.453e-05,2.453e-05,101725
20171130,0500,XRPZ17,2.453e-05,2.501e-05,2.444e-05,2.476e-05,20001
20171130,0600,XRPZ17,2.476e-05,2.492e-05,2.444e-05,2.444e-05,177197
20171130,0700,XRPZ17,2.444e-05,2.496e-05,2.445e-05,2.49e-05,54300
20171130,0800,XRPZ17,2.49e-05,2.482e-05,2.411e-05,2.482e-05,27372
20171130,0900,XRPZ17,2.482e-05,2.483e-05,2.465e-05,2.481e-05,3454
20171130,1000,XRPZ17,2.481e-05,2.512e-05,2.455e-05,2.512e-05,62976
20171130,1100,XRPZ17,2.512e-05,2.516e-05,2.504e-05,2.516e-05,16630
20171130,1200,XRPZ17,2.516e-05,2.525e-05,2.51e-05,2.525e-05,25300
20171130,1300,XRPZ17,2.525e-05,2.549e-05,2.487e-05,2.487e-05,61589
20171130,1400,XRPZ17,2.487e-05,2.575e-05,2.502e-05,2.555e-05,63823
20171130,1500,XRPZ17,2.555e-05,2.599e-05,2.49e-05,2.495e-05,97057
20171130,1600,XRPZ17,2.495e-05,2.563e-05,2.511e-05,2.511e-05,196461
20171130,1700,XRPZ17,2.511e-05,2.53e-05,2.52e-05,2.53e-05,57770
20171130,1800,XRPZ17,2.53e-05,2.574e-05,2.525e-05,2.525e-05,49362
20171130,1900,XRPZ17,2.525e-05,2.54e-05,2.441e-05,2.5e-05,65779
20171130,2000,XRPZ17,2.5e-05,2.524e-05,2.485e-05,2.524e-05,15289
20171130,2100,XRPZ17,2.524e-05,2.545e-05,2.52e-05,2.545e-05,23760
20171130,2200,XRPZ17,2.545e-05,2.559e-05,2.52e-05,2.559e-05,7896
20171130,2300,XRPZ17,2.559e-05,2.55e-05,2.53e-05,2.545e-05,51500
20171201,0000,XRPZ17,2.545e-05,2.539e-05,2.517e-05,2.517e-05,36286
20171201,0100,XRPZ17,2.517e-05,2.521e-05,2.518e-05,2.519e-05,32046
20171201,0200,XRPZ17,2.519e-05,2.537e-05,2.47e-05,2.5e-05,44719
20171201,0300,XRPZ17,2.5e-05,2.56e-05,2.496e-05,2.55e-05,5200
20171201,0400,XRPZ17,2.55e-05,2.546e-05,2.514e-05,2.546e-05,13777
20171201,0500,XRPZ17,2.546e-05,2.539e-05,2.452e-05,2.503e-05,23830
20171201,0600,XRPZ17,2.503e-05,2.531e-05,2.461e-05,2.531e-05,8737
20171201,0700,XRPZ17,2.531e-05,2.524e-05,2.524e-05,2.524e-05,200
20171201,0800,XRPZ17,2.524e-05,2.524e-05,2.51e-05,2.524e-05,33585
20171201,0900,XRPZ17,2.524e-05,2.538e-05,2.518e-05,2.525e-05,68482
20171201,1000,XRPZ17,2.525e-05,2.525e-05,2.505e-05,2.505e-05,8700
20171201,1100,XRPZ17,2.505e-05,2.52e-05,2.483e-05,2.52e-05,5030
20171201,1200,XRPZ17,2.52e-05,2.518e-05,2.504e-05,2.515e-05,22970
20171201,1300,XRPZ17,2.515e-05,2.505e-05,2.485e-05,2.485e-05,11720
20171201,1400,XRPZ17,2.485e-05,2.488e-05,2.435e-05,2.435e-05,60772
20171201,1500,XRPZ17,2.435e-05,2.453e-05,2.431e-05,2.453e-05,8609
20171201,1600,XRPZ17,2.453e-05,2.459e-05,2.439e-05,2.449e-05,24251
20171201,1700,XRPZ17,2.449e-05,2.452e-05,2.428e-05,2.428e-05,106500
20171201,1800,XRPZ17,2.428e-05,2.46e-05,2.442e-05,2.444e-05,9200
20171201,1900,XRPZ17,2.444e-05,2.464e-05,2.46e-05,2.464e-05,3521
20171201,2000,XRPZ17,2.464e-05,2.46e-05,2.446e-05,2.446e-05,3431
20171201,2100,XRPZ17,2.446e-05,2.457e-05,2.415e-05,2.457e-05,14130
20171201,2200,XRPZ17,2.457e-05,2.46e-05,2.441e-05,2.459e-05,3315
20171201,2300,XRPZ17,2.459e-05,2.456e-05,2.439e-05,2.439e-05,8778
20171202,0000,XRPZ17,2.439e-05,2.456e-05,2.437e-05,2.437e-05,17610
20171202,0100,XRPZ17,2.437e-05,2.436e-05,2.416e-05,2.43e-05,239699
20171202,0200,XRPZ17,2.43e-05,2.425e-05,2.416e-05,2.418e-05,1000
20171202,0300,XRPZ17,2.418e-05,2.42e-05,2.35e-05,2.35e-05,54948
20171202,0400,XRPZ17,2.35e-05,2.398e-05,2.398e-05,2.398e-05,6
20171202,0500,XRPZ17,2.398e-05,2.421e-05,2.4e-05,2.421e-05,5700
20171202,0600,XRPZ17,2.421e-05,2.424e-05,2.402e-05,2.402e-05,31182
20171202,0700,XRPZ17,2.402e-05,2.418e-05,2.404e-05,2.418e-05,500
20171202,0800,XRPZ17,2.418e-05,2.404e-05,2.4e-05,2.4e-05,28897
20171202,0900,XRPZ17,2.4e-05,2.392e-05,2.392e-05,2.392e-05,15000
20171202,1000,XRPZ17,2.392e-05,2.392e-05,2.375e-05,2.375e-05,12257
20171202,1100,XRPZ17,2.375e-05,2.358e-05,2.345e-05,2.358e-05,12353
20171202,1200,XRPZ17,2.358e-05,2.399e-05,2.354e-05,2.38e-05,118535
20171202,1300,XRPZ17,2.38e-05,2.392e-05,2.356e-05,2.377e-05,2880
20171202,1400,XRPZ17,2.377e-05,2.374e-05,2.345e-05,2.367e-05,35780
20171202,1500,XRPZ17,2.367e-05,2.379e-05,2.364e-05,2.364e-05,23903
20171202,1600,XRPZ17,2.364e-05,2.4e-05,2.326e-05,2.4e-05,75620
20171202,1700,XRPZ17,2.4e-05,2.399e-05,2.346e-05,2.374e-05,8140
20171202,1800,XRPZ17,2.374e-05,2.379e-05,2.351e-05,2.351e-05,410
20171202,1900,XRPZ17,2.351e-05,2.378e-05,2.33e-05,2.332e-05,10408
20171202,2000,XRPZ17,2.332e-05,2.362e-05,2.346e-05,2.362e-05,13642
20171202,2100,XRPZ17,2.362e-05,2.362e-05,2.356e-05,2.362e-05,1051
20171202,2200,XRPZ17,2.362e-05,2.362e-05,2.35e-05,2.35e-05,10862
20171202,2300,XRPZ17,2.35e-05,2.354e-05,2.352e-05,2.352e-05,4530
20171203,0000,XRPZ17,2.352e-05,2.405e-05,2.352e-05,2.394e-05,41850
20171203,0100,XRPZ17,2.394e-05,2.4e-05,2.352e-05,2.353e-05,12850
20171203,0200,XRPZ17,2.353e-05,2.35e-05,2.269e-05,2.288e-05,825899
20171203,0300,XRPZ17,2.288e-05,2.294e-05,2.284e-05,2.284e-05,36422
20171203,0400,XRPZ17,2.284e-05,2.362e-05,2.285e-05,2.334e-05,43400
20171203,0500,XRPZ17,2.334e-05,2.323e-05,2.298e-05,2.323e-05,42598
20171203,0600,XRPZ17,2.323e-05,2.341e-05,2.301e-05,2.341e-05,121550
20171203,0700,XRPZ17,2.341e-05,2.347e-05,2.331e-05,2.336e-05,42153
20171203,0800,XRPZ17,2.336e-05,2.345e-05,2.307e-05,2.329e-05,15517
20171203,0900,XRPZ17,2.329e-05,2.337e-05,2.306e-05,2.311e-05,47500
20171203,1000,XRPZ17,2.311e-05,2.333e-05,2.32e-05,2.331e-05,22400
20171203,1100,XRPZ17,2.331e-05,2.359e-05,2.331e-05,2.359e-05,67988
20171203,1200,XRPZ17,2.359e-05,2.345e-05,2.319e-05,2.325e-05,19986
20171203,1300,XRPZ17,2.325e-05,2.348e-05,2.314e-05,2.317e-05,83348
20171203,1400,XRPZ17,2.317e-05,2.317e-05,2.295e-05,2.307e-05,25735
20171203,1500,XRPZ17,2.307e-05,2.303e-05,2.295e-05,2.295e-05,30638
20171203,1600,XRPZ17,2.295e-05,2.307e-05,2.205e-05,2.274e-05,166855
20171203,1700,XRPZ17,2.274e-05,2.272e-05,2.215e-05,2.259e-05,6635
20171203,1800,XRPZ17,2.259e-05,2.272e-05,2.26e-05,2.263e-05,33850
20171203,1900,XRPZ17,2.263e-05,2.264e-05,2.251e-05,2.252e-05,24979
20171203,2000,XRPZ17,2.252e-05,2.269e-05,2.25e-05,2.268e-05,2770
20171203,2100,XRPZ17,2.268e-05,2.292e-05,2.247e-05,2.292e-05,110842
20171203,2200,XRPZ17,2.292e-05,2.296e-05,2.249e-05,2.294e-05,10938
20171203,2300,XRPZ17,2.294e-05,2.3e-05,2.266e-05,2.282e-05,52872
20171204,0000,XRPZ17,2.282e-05,2.323e-05,2.276e-05,2.286e-05,2400
20171204,0100,XRPZ17,2.286e-05,2.302e-05,2.277e-05,2.292e-05,5200
20171204,0200,XRPZ17,2.292e-05,2.318e-05,2.29e-05,2.313e-05,16270
20171204,0300,XRPZ17,2.313e-05,2.313e-05,2.286e-05,2.311e-05,14740
20171204,0400,XRPZ17,2.311e-05,2.305e-05,2.28e-05,2.28e-05,43000
20171204,0500,XRPZ17,2.28e-05,2.28e-05,2.275e-05,2.276e-05,11525
20171204,0600,XRPZ17,2.276e-05,2.278e-05,2.242e-05,2.242e-05,15409
20171204,0700,XRPZ17,2.242e-05,2.245e-05,2.231e-05,2.235e-05,47231
20171204,0800,XRPZ17,2.235e-05,2.253e-05,2.249e-05,2.253e-05,18101
20171204,0900,XRPZ17,2.253e-05,2.249e-05,2.234e-05,2.234e-05,9929
20171204,1000,XRPZ17,2.234e-05,2.266e-05,2.236e-05,2.266e-05,67910
20171204,1100,XRPZ17,2.266e-05,2.273e-05,2.241e-05,2.256e-05,10369
20171204,1200,XRPZ17,2.256e-05,2.268e-05,2.251e-05,2.265e-05,10682
20171204,1300,XRPZ17,2.265e-05,2.266e-05,2.246e-05,2.254e-05,40260
20171204,1400,XRPZ17,2.254e-05,2.268e-05,2.248e-05,2.266e-05,25010
20171204,1500,XRPZ17,2.266e-05,2.269e-05,2.261e-05,2.261e-05,10880
20171204,1600,XRPZ17,2.261e-05,2.26e-05,2.237e-05,2.255e-05,29611
20171204,1700,XRPZ17,2.255e-05,2.256e-05,2.246e-05,2.246e-05,28010
20171204,1800,XRPZ17,2.246e-05,2.245e-05,2.233e-05,2.238e-05,2743
20171204,1900,XRPZ17,2.238e-05,2.272e-05,2.258e-05,2.267e-05,25172
20171204,2000,XRPZ17,2.267e-05,2.256e-05,2.256e-05,2.256e-05,50
20171204,2100,XRPZ17,2.256e-05,2.261e-05,2.233e-05,2.233e-05,5549
20171204,2200,XRPZ17,2.233e-05,2.246e-05,2.233e-05,2.243e-05,17906
20171204,2300,XRPZ17,2.243e-05,2.239e-05,2.233e-05,2.233e-05,473
20171205,0000,XRPZ17,2.233e-05,2.234e-05,2.234e-05,2.234e-05,400
20171205,0100,XRPZ17,2.234e-05,2.243e-05,2.233e-05,2.233e-05,1142
20171205,0200,XRPZ17,2.233e-05,2.234e-05,2.215e-05,2.228e-05,14264
20171205,0300,XRPZ17,2.228e-05,2.227e-05,2.226e-05,2.227e-05,10002
20171205,0400,XRPZ17,2.227e-05,2.232e-05,2.227e-05,2.232e-05,8150
20171205,0500,XRPZ17,2.232e-05,2.232e-05,2.222e-05,2.228e-05,1204
20171205,0600,XRPZ17,2.228e-05,2.232e-05,2.17e-05,2.17e-05,114621
20171205,0700,XRPZ17,2.17e-05,2.193e-05,2.175e-05,2.191e-05,13189
20171205,0800,XRPZ17,2.191e-05,2.193e-05,2.068e-05,2.068e-05,787819
20171205,0900,XRPZ17,2.068e-05,2.102e-05,2.011e-05,2.093e-05,535573
20171205,1000,XRPZ17,2.093e-05,2.105e-05,2.085e-05,2.1e-05,55444
20171205,1100,XRPZ17,2.1e-05,2.13e-05,2.1e-05,2.104e-05,92531
20171205,1200,XRPZ17,2.104e-05,2.116e-05,2.1e-05,2.1e-05,40715
20171205,1300,XRPZ17,2.1e-05,2.109e-05,2.1e-05,2.1e-05,3650
20171205,1400,XRPZ17,2.1e-05,2.095e-05,2.045e-05,2.067e-05,100834
20171205,1500,XRPZ17,2.067e-05,2.075e-05,2.038e-05,2.047e-05,285230
20171205,1600,XRPZ17,2.047e-05,2.057e-05,2.035e-05,2.046e-05,65074
20171205,1700,XRPZ17,2.046e-05,2.058e-05,2.025e-05,2.058e-05,137900
20171205,1800,XRPZ17,2.058e-05,2.055e-05,2.023e-05,2.049e-05,26775
20171205,1900,XRPZ17,2.049e-05,2.06e-05,2.04e-05,2.057e-05,108301
20171205,2000,XRPZ17,2.057e-05,2.053e-05,2.041e-05,2.048e-05,1009
20171205,2100,XRPZ17,2.048e-05,2.053e-05,2.043e-05,2.043e-05,27220
20171205,2200,XRPZ17,2.043e-05,2.071e-05,2.05e-05,2.069e-05,41347
20171205,2300,XRPZ17,2.069e-05,2.057e-05,2.049e-05,2.057e-05,45120
20171206,0000,XRPZ17,2.057e-05,2.046e-05,2.004e-05,2.018e-05,103784
20171206,0100,XRPZ17,2.018e-05,2.001e-05,1.953e-05,1.953e-05,254225
20171206,0200,XRPZ17,1.953e-05,1.993e-05,1.911e-05,1.941e-05,41355
20171206,0300,XRPZ17,1.941e-05,1.979e-05,1.785e-05,1.935e-05,372361
20171206,0400,XRPZ17,1.935e-05,1.915e-05,1.821e-05,1.915e-05,123216
20171206,0500,XRPZ17,1.915e-05,1.924e-05,1.828e-05,1.916e-05,23812
20171206,0600,XRPZ17,1.916e-05,1.916e-05,1.843e-05,1.845e-05,26004
20171206,0700,XRPZ17,1.845e-05,1.897e-05,1.815e-05,1.839e-05,8530
20171206,0800,XRPZ17,1.839e-05,1.869e-05,1.801e-05,1.869e-05,244453
20171206,0900,XRPZ17,1.869e-05,1.885e-05,1.804e-05,1.862e-05,35330
20171206,1000,XRPZ17,1.862e-05,1.897e-05,1.804e-05,1.849e-05,36266
20171206,1100,XRPZ17,1.849e-05,1.856e-05,1.8e-05,1.806e-05,60935
20171206,1200,XRPZ17,1.806e-05,1.831e-05,1.78e-05,1.824e-05,187465
20171206,1300,XRPZ17,1.824e-05,1.8e-05,1.766e-05,1.766e-05,82107
20171206,1400,XRPZ17,1.766e-05,1.798e-05,1.756e-05,1.792e-05,201210
20171206,1500,XRPZ17,1.792e-05,1.798e-05,1.786e-05,1.792e-05,82528
20171206,1600,XRPZ17,1.792e-05,1.85e-05,1.798e-05,1.849e-05,128731
20171206,1700,XRPZ17,1.849e-05,1.865e-05,1.836e-05,1.836e-05,56214
20171206,1800,XRPZ17,1.836e-05,1.836e-05,1.801e-05,1.812e-05,40141
20171206,1900,XRPZ17,1.812e-05,1.814e-05,1.782e-05,1.782e-05,86193
20171206,2000,XRPZ17,1.782e-05,1.78e-05,1.656e-05,1.656e-05,191577
20171206,2100,XRPZ17,1.656e-05,1.73e-05,1.601e-05,1.681e-05,2335006
20171206,2200,XRPZ17,1.681e-05,1.691e-05,1.679e-05,1.681e-05,87890
20171206,2300,XRPZ17,1.681e-05,1.68e-05,1.6e-05,1.6e-05,375730
20171207,0000,XRPZ17,1.6e-05,1.64e-05,1.6e-05,1.616e-05,119629
20171207,0100,XRPZ17,1.616e-05,1.614e-05,1.546e-05,1.546e-05,217473
20171207,0200,XRPZ17,1.546e-05,1.576e-05,1.529e-05,1.556e-05,100758
20171207,0300,XRPZ17,1.556e-05,1.6e-05,1.539e-05,1.577e-05,106268
20171207,0400,XRPZ17,1.577e-05,1.597e-05,1.552e-05,1.585e-05,24345
20171207,0500,XRPZ17,1.585e-05,1.612e-05,1.569e-05,1.569e-05,282003
20171207,0600,XRPZ17,1.569e-05,1.569e-05,1.555e-05,1.569e-05,52297
20171207,0700,XRPZ17,1.569e-05,1.567e-05,1.538e-05,1.556e-05,63799
20171207,0800,XRPZ17,1.556e-05,1.57e-05,1.521e-05,1.521e-05,431225
20171207,0900,XRPZ17,1.521e-05,1.517e-05,1.465e-05,1.48e-05,288320
20171207,1000,XRPZ17,1.48e-05,1.497e-05,1.451e-05,1.458e-05,67768
20171207,1100,XRPZ17,1.458e-05,1.454e-05,1.375e-05,1.388e-05,337543
20171207,1200,XRPZ17,1.388e-05,1.506e-05,1.391e-05,1.506e-05,115423
20171207,1300,XRPZ17,1.506e-05,1.516e-05,1.449e-05,1.471e-05,203065
20171207,1400,XRPZ17,1.471e-05,1.473e-05,1.367e-05,1.451e-05,317543
20171207,1500,XRPZ17,1.451e-05,1.46e-05,1.423e-05,1.423e-05,116409
20171207,1600,XRPZ17,1.423e-05,1.415e-05,1.302e-05,1.346e-05,928715
20171207,1700,XRPZ17,1.346e-05,1.347e-05,1.242e-05,1.345e-05,312201
20171207,1800,XRPZ17,1.345e-05,1.421e-05,1.323e-05,1.356e-05,95792
20171207,1900,XRPZ17,1.356e-05,1.36e-05,1.332e-05,1.334e-05,115049
20171207,2000,XRPZ17,1.334e-05,1.394e-05,1.334e-05,1.378e-05,224699
20171207,2100,XRPZ17,1.378e-05,1.406e-05,1.381e-05,1.384e-05,124794
20171207,2200,XRPZ17,1.384e-05,1.384e-05,1.323e-05,1.324e-05,276611
20171207,2300,XRPZ17,1.324e-05,1.324e-05,1.253e-05,1.258e-05,242171
20171208,0000,XRPZ17,1.258e-05,1.29e-05,1.226e-05,1.226e-05,177725
20171208,0100,XRPZ17,1.226e-05,1.307e-05,1.211e-05,1.307e-05,886824
20171208,0200,XRPZ17,1.307e-05,1.678e-05,1.311e-05,1.311e-05,4589757
20171208,0300,XRPZ17,1.311e-05,1.603e-05,1.313e-05,1.5e-05,1565925
20171208,0400,XRPZ17,1.5e-05,1.551e-05,1.475e-05,1.491e-05,981958
20171208,0500,XRPZ17,1.491e-05,1.544e-05,1.41e-05,1.516e-05,1453385
20171208,0600,XRPZ17,1.516e-05,1.548e-05,1.451e-05,1.462e-05,350379
20171208,0700,XRPZ17,1.462e-05,1.547e-05,1.401e-05,1.425e-05,679033
20171208,0800,XRPZ17,1.425e-05,1.459e-05,1.389e-05,1.436e-05,209987
20171208,0900,XRPZ17,1.436e-05,1.513e-05,1.444e-05,1.485e-05,268499
20171208,1000,XRPZ17,1.485e-05,1.548e-05,1.493e-05,1.526e-05,259175
20171208,1100,XRPZ17,1.526e-05,1.617e-05,1.502e-05,1.6e-05,343036
20171208,1200,XRPZ17,1.6e-05,1.8e-05,1.578e-05,1.581e-05,890384
20171208,1300,XRPZ17,1.581e-05,1.616e-05,1.561e-05,1.582e-05,401491
20171208,1400,XRPZ17,1.582e-05,1.65e-05,1.565e-05,1.565e-05,149780
20171208,1500,XRPZ17,1.565e-05,1.582e-05,1.46e-05,1.46e-05,444455
20171208,1600,XRPZ17,1.46e-05,1.524e-05,1.456e-05,1.524e-05,93049
20171208,1700,XRPZ17,1.524e-05,1.593e-05,1.514e-05,1.593e-05,239340
20171208,1800,XRPZ17,1.593e-05,1.647e-05,1.565e-05,1.647e-05,69648
20171208,1900,XRPZ17,1.647e-05,1.616e-05,1.562e-05,1.569e-05,91411
20171208,2000,XRPZ17,1.569e-05,1.586e-05,1.532e-05,1.58e-05,104580
20171208,2100,XRPZ17,1.58e-05,1.631e-05,1.551e-05,1.612e-05,61465
20171208,2200,XRPZ17,1.612e-05,1.631e-05,1.504e-05,1.504e-05,396399
20171208,2300,XRPZ17,1.504e-05,1.533e-05,1.493e-05,1.53e-05,328786
20171209,0000,XRPZ17,1.53e-05,1.537e-05,1.478e-05,1.492e-05,79075
20171209,0100,XRPZ17,1.492e-05,1.522e-05,1.491e-05,1.522e-05,63867
20171209,0200,XRPZ17,1.522e-05,1.563e-05,1.507e-05,1.563e-05,325781
20171209,0300,XRPZ17,1.563e-05,1.563e-05,1.539e-05,1.549e-05,222115
20171209,0400,XRPZ17,1.549e-05,1.583e-05,1.542e-05,1.582e-05,297115
20171209,0500,XRPZ17,1.582e-05,1.611e-05,1.565e-05,1.611e-05,718305
20171209,0600,XRPZ17,1.611e-05,1.647e-05,1.601e-05,1.637e-05,654994
20171209,0700,XRPZ17,1.637e-05,1.638e-05,1.609e-05,1.626e-05,309497
20171209,0800,XRPZ17,1.626e-05,1.626e-05,1.594e-05,1.596e-05,144266
20171209,0900,XRPZ17,1.596e-05,1.62e-05,1.594e-05,1.617e-05,90181
20171209,1000,XRPZ17,1.617e-05,1.625e-05,1.6e-05,1.625e-05,71298
20171209,1100,XRPZ17,1.625e-05,1.684e-05,1.62e-05,1.684e-05,412427
20171209,1200,XRPZ17,1.684e-05,1.72e-05,1.649e-05,1.657e-05,353181
20171209,1300,XRPZ17,1.657e-05,1.693e-05,1.642e-05,1.693e-05,54915
20171209,1400,XRPZ17,1.693e-05,1.686e-05,1.652e-05,1.663e-05,89246
20171209,1500,XRPZ17,1.663e-05,1.685e-05,1.666e-05,1.671e-05,53023
20171209,1600,XRPZ17,1.671e-05,1.746e-05,1.663e-05,1.746e-05,647148
20171209,1700,XRPZ17,1.746e-05,1.815e-05,1.73e-05,1.745e-05,761077
20171209,1800,XRPZ17,1.745e-05,1.817e-05,1.732e-05,1.765e-05,268842
20171209,1900,XRPZ17,1.765e-05,1.793e-05,1.677e-05,1.681e-05,210275
20171209,2000,XRPZ17,1.681e-05,1.725e-05,1.677e-05,1.715e-05,197762
20171209,2100,XRPZ17,1.715e-05,1.717e-05,1.677e-05,1.677e-05,5674
20171209,2200,XRPZ17,1.677e-05,1.716e-05,1.68e-05,1.714e-05,3123
20171209,2300,XRPZ17,1.714e-05,1.713e-05,1.62e-05,1.63e-05,187754
20171210,0000,XRPZ17,1.63e-05,1.666e-05,1.633e-05,1.633e-05,271253
20171210,0100,XRPZ17,1.633e-05,1.68e-05,1.639e-05,1.68e-05,252960
20171210,0200,XRPZ17,1.68e-05,1.761e-05,1.694e-05,1.761e-05,109416
20171210,0300,XRPZ17,1.761e-05,1.789e-05,1.741e-05,1.787e-05,74889
20171210,0400,XRPZ17,1.787e-05,1.815e-05,1.767e-05,1.815e-05,579336
20171210,0500,XRPZ17,1.815e-05,1.811e-05,1.75e-05,1.75e-05,181938
20171210,0600,XRPZ17,1.75e-05,1.751e-05,1.72e-05,1.721e-05,271850
20171210,0700,XRPZ17,1.721e-05,1.725e-05,1.65e-05,1.666e-05,403784
20171210,0800,XRPZ17,1.666e-05,1.728e-05,1.652e-05,1.716e-05,545863
20171210,0900,XRPZ17,1.716e-05,1.747e-05,1.698e-05,1.725e-05,319593
20171210,1000,XRPZ17,1.725e-05,1.726e-05,1.696e-05,1.705e-05,36776
20171210,1100,XRPZ17,1.705e-05,1.698e-05,1.667e-05,1.687e-05,115070
20171210,1200,XRPZ17,1.687e-05,1.716e-05,1.675e-05,1.708e-05,32139
20171210,1300,XRPZ17,1.708e-05,1.739e-05,1.71e-05,1.718e-05,317293
20171210,1400,XRPZ17,1.718e-05,1.716e-05,1.639e-05,1.639e-05,227158
20171210,1500,XRPZ17,1.639e-05,1.639e-05,1.504e-05,1.58e-05,1538249
20171210,1600,XRPZ17,1.58e-05,1.602e-05,1.511e-05,1.532e-05,162837
20171210,1700,XRPZ17,1.532e-05,1.568e-05,1.517e-05,1.568e-05,144431
20171210,1800,XRPZ17,1.568e-05,1.547e-05,1.53e-05,1.546e-05,269444
20171210,1900,XRPZ17,1.546e-05,1.557e-05,1.538e-05,1.546e-05,98200
20171210,2000,XRPZ17,1.546e-05,1.551e-05,1.495e-05,1.495e-05,38553
20171210,2100,XRPZ17,1.495e-05,1.525e-05,1.512e-05,1.525e-05,22812
20171210,2200,XRPZ17,1.525e-05,1.58e-05,1.529e-05,1.58e-05,91798
20171210,2300,XRPZ17,1.58e-05,1.599e-05,1.566e-05,1.598e-05,252853
20171211,0000,XRPZ17,1.598e-05,1.599e-05,1.521e-05,1.555e-05,27565
20171211,0100,XRPZ17,1.555e-05,1.551e-05,1.544e-05,1.547e-05,2600
20171211,0200,XRPZ17,1.547e-05,1.551e-05,1.46e-05,1.474e-05,102134
20171211,0300,XRPZ17,1.474e-05,1.487e-05,1.466e-05,1.468e-05,77820
20171211,0400,XRPZ17,1.468e-05,1.5e-05,1.418e-05,1.449e-05,691033
20171211,0500,XRPZ17,1.449e-05,1.493e-05,1.436e-05,1.477e-05,169888
20171211,0600,XRPZ17,1.477e-05,1.475e-05,1.466e-05,1.469e-05,1138
20171211,0700,XRPZ17,1.469e-05,1.488e-05,1.455e-05,1.458e-05,95970
20171211,0800,XRPZ17,1.458e-05,1.471e-05,1.453e-05,1.453e-05,43331
20171211,0900,XRPZ17,1.453e-05,1.462e-05,1.453e-05,1.462e-05,1550
20171211,1000,XRPZ17,1.462e-05,1.47e-05,1.461e-05,1.468e-05,29440
20171211,1100,XRPZ17,1.468e-05,1.491e-05,1.467e-05,1.491e-05,211715
20171211,1200,XRPZ17,1.491e-05,1.525e-05,1.492e-05,1.52e-05,631934
20171211,1300,XRPZ17,1.52e-05,1.548e-05,1.507e-05,1.544e-05,96306
20171211,1400,XRPZ17,1.544e-05,1.544e-05,1.529e-05,1.535e-05,201796
20171211,1500,XRPZ17,1.535e-05,1.541e-05,1.512e-05,1.516e-05,39621
20171211,1600,XRPZ17,1.516e-05,1.533e-05,1.517e-05,1.518e-05,65020
20171211,1700,XRPZ17,1.518e-05,1.532e-05,1.508e-05,1.516e-05,111501
20171211,1800,XRPZ17,1.516e-05,1.528e-05,1.518e-05,1.52e-05,120400
20171211,1900,XRPZ17,1.52e-05,1.522e-05,1.506e-05,1.506e-05,113002
20171211,2000,XRPZ17,1.506e-05,1.504e-05,1.467e-05,1.471e-05,96797
20171211,2100,XRPZ17,1.471e-05,1.472e-05,1.422e-05,1.454e-05,132250
20171211,2200,XRPZ17,1.454e-05,1.48e-05,1.458e-05,1.465e-05,17305
20171211,2300,XRPZ17,1.465e-05,1.475e-05,1.455e-05,1.475e-05,37401
20171212,0000,XRPZ17,1.475e-05,1.549e-05,1.476e-05,1.53e-05,501202
20171212,0100,XRPZ17,1.53e-05,1.624e-05,1.503e-05,1.522e-05,812236
20171212,0200,XRPZ17,1.522e-05,1.539e-05,1.514e-05,1.514e-05,228047
20171212,0300,XRPZ17,1.514e-05,1.533e-05,1.506e-05,1.525e-05,429195
20171212,0400,XRPZ17,1.525e-05,1.586e-05,1.535e-05,1.549e-05,168860
20171212,0500,XRPZ17,1.549e-05,1.645e-05,1.55e-05,1.644e-05,838714
20171212,0600,XRPZ17,1.644e-05,1.74e-05,1.597e-05,1.626e-05,1020403
20171212,0700,XRPZ17,1.626e-05,1.635e-05,1.59e-05,1.601e-05,288750
20171212,0800,XRPZ17,1.601e-05,1.623e-05,1.576e-05,1.583e-05,119946
20171212,0900,XRPZ17,1.583e-05,1.605e-05,1.564e-05,1.601e-05,402407
20171212,1000,XRPZ17,1.601e-05,1.615e-05,1.59e-05,1.614e-05,345810
20171212,1100,XRPZ17,1.614e-05,1.66e-05,1.592e-05,1.66e-05,704706
20171212,1200,XRPZ17,1.66e-05,1.699e-05,1.64e-05,1.682e-05,448204
20171212,1300,XRPZ17,1.682e-05,1.69e-05,1.635e-05,1.643e-05,214159
20171212,1400,XRPZ17,1.643e-05,1.65e-05,1.609e-05,1.633e-05,218810
20171212,1500,XRPZ17,1.633e-05,1.689e-05,1.609e-05,1.689e-05,759646
20171212,1600,XRPZ17,1.689e-05,1.789e-05,1.669e-05,1.707e-05,2187302
20171212,1700,XRPZ17,1.707e-05,1.792e-05,1.692e-05,1.747e-05,949295
20171212,1800,XRPZ17,1.747e-05,1.922e-05,1.727e-05,1.844e-05,1386697
20171212,1900,XRPZ17,1.844e-05,1.861e-05,1.7e-05,1.823e-05,994758
20171212,2000,XRPZ17,1.823e-05,1.853e-05,1.755e-05,1.833e-05,494731
20171212,2100,XRPZ17,1.833e-05,2.175e-05,1.833e-05,2.081e-05,3843282
20171212,2200,XRPZ17,2.081e-05,2.155e-05,2.008e-05,2.154e-05,2396343
20171212,2300,XRPZ17,2.154e-05,2.663e-05,2.154e-05,2.25e-05,15377993
20171213,0000,XRPZ17,2.25e-05,2.498e-05,2.175e-05,2.203e-05,4522697
20171213,0100,XRPZ17,2.203e-05,2.356e-05,2.108e-05,2.183e-05,2606866
20171213,0200,XRPZ17,2.183e-05,2.459e-05,2.181e-05,2.328e-05,2543369
20171213,0300,XRPZ17,2.328e-05,2.41e-05,2.051e-05,2.199e-05,1576156
20171213,0400,XRPZ17,2.199e-05,2.26e-05,2.115e-05,2.26e-05,1009326
20171213,0500,XRPZ17,2.26e-05,2.329e-05,2.218e-05,2.292e-05,1127142
20171213,0600,XRPZ17,2.292e-05,2.47e-05,2.291e-05,2.368e-05,1958592
20171213,0700,XRPZ17,2.368e-05,2.499e-05,2.362e-05,2.472e-05,2029809
20171213,0800,XRPZ17,2.472e-05,2.698e-05,2.472e-05,2.664e-05,7610498
20171213,0900,XRPZ17,2.664e-05,3e-05,2.662e-05,2.91e-05,12804470
20171213,1000,XRPZ17,2.91e-05,2.963e-05,2.65e-05,2.685e-05,9574676
20171213,1100,XRPZ17,2.685e-05,2.805e-05,2.601e-05,2.751e-05,9940106
20171213,1200,XRPZ17,2.751e-05,3.005e-05,2.7e-05,2.814e-05,7530029
20171213,1300,XRPZ17,2.814e-05,2.879e-05,2.628e-05,2.667e-05,5610611
20171213,1400,XRPZ17,2.667e-05,2.95e-05,2.586e-05,2.86e-05,3352658
20171213,1500,XRPZ17,2.86e-05,2.917e-05,2.739e-05,2.783e-05,1491874
20171213,1600,XRPZ17,2.783e-05,2.944e-05,2.759e-05,2.844e-05,938433
20171213,1700,XRPZ17,2.844e-05,2.95e-05,2.777e-05,2.787e-05,835714
20171213,1800,XRPZ17,2.787e-05,2.853e-05,2.586e-05,2.676e-05,1290848
20171213,1900,XRPZ17,2.676e-05,2.788e-05,2.636e-05,2.722e-05,1108287
20171213,2000,XRPZ17,2.722e-05,3.189e-05,2.699e-05,3.079e-05,2078229
20171213,2100,XRPZ17,3.079e-05,3.267e-05,3.001e-05,3.001e-05,2719434
20171213,2200,XRPZ17,3.001e-05,3.199e-05,2.957e-05,3.075e-05,970916
20171213,2300,XRPZ17,3.075e-05,3.099e-05,2.96e-05,3.001e-05,1249429
20171214,0000,XRPZ17,3.001e-05,3.027e-05,2.868e-05,2.874e-05,1017964
20171214,0100,XRPZ17,2.874e-05,2.915e-05,2.809e-05,2.822e-05,1986801
20171214,0200,XRPZ17,2.822e-05,2.985e-05,2.811e-05,2.901e-05,1901562
20171214,0300,XRPZ17,2.901e-05,3.03e-05,2.91e-05,3.023e-05,471005
20171214,0400,XRPZ17,3.023e-05,3.385e-05,3.014e-05,3.206e-05,4246976
20171214,0500,XRPZ17,3.206e-05,3.58e-05,3.216e-05,3.569e-05,6299886
20171214,0600,XRPZ17,3.569e-05,3.8e-05,3.39e-05,3.416e-05,4576154
20171214,0700,XRPZ17,3.416e-05,3.731e-05,3.451e-05,3.6e-05,3359251
20171214,0800,XRPZ17,3.6e-05,3.689e-05,3.525e-05,3.593e-05,1676503
20171214,0900,XRPZ17,3.593e-05,3.642e-05,3.163e-05,3.327e-05,3265010
20171214,1000,XRPZ17,3.327e-05,3.478e-05,3.316e-05,3.454e-05,1107106
20171214,1100,XRPZ17,3.454e-05,3.659e-05,3.395e-05,3.43e-05,2145676
20171214,1200,XRPZ17,3.43e-05,3.484e-05,3.358e-05,3.423e-05,769863
20171214,1300,XRPZ17,3.423e-05,3.876e-05,3.394e-05,3.876e-05,2319294
20171214,1400,XRPZ17,3.876e-05,3.989e-05,3.669e-05,3.82e-05,5638289
20171214,1500,XRPZ17,3.82e-05,4.921e-05,3.805e-05,4.628e-05,19543175
20171214,1600,XRPZ17,4.628e-05,4.783e-05,4.23e-05,4.35e-05,4342722
20171214,1700,XRPZ17,4.35e-05,4.5e-05,4.254e-05,4.321e-05,1371265
20171214,1800,XRPZ17,4.321e-05,5.498e-05,4.326e-05,5.449e-05,7530672
20171214,1900,XRPZ17,5.449e-05,5.7e-05,4.9e-05,4.955e-05,9656801
20171214,2000,XRPZ17,4.955e-05,5.3e-05,4.666e-05,5.008e-05,6337362
20171214,2100,XRPZ17,5.008e-05,5.297e-05,4.8e-05,5.081e-05,1341346
20171214,2200,XRPZ17,5.081e-05,5.598e-05,5.009e-05,5.223e-05,2903249
20171214,2300,XRPZ17,5.223e-05,5.5e-05,5.002e-05,5.448e-05,1530495
20171215,0000,XRPZ17,5.448e-05,5.499e-05,5.132e-05,5.315e-05,1893094
20171215,0100,XRPZ17,5.315e-05,5.349e-05,4.252e-05,4.65e-05,4887813
20171215,0200,XRPZ17,4.65e-05,4.85e-05,4.05e-05,4.296e-05,2237771
20171215,0300,XRPZ17,4.296e-05,4.487e-05,3.401e-05,3.974e-05,4396140
20171215,0400,XRPZ17,3.974e-05,4.508e-05,3.52e-05,4.3e-05,3211122
20171215,0500,XRPZ17,4.3e-05,4.499e-05,4.101e-05,4.309e-05,671791
20171215,0600,XRPZ17,4.309e-05,4.488e-05,4.072e-05,4.401e-05,792633
20171215,0700,XRPZ17,4.401e-05,5.16e-05,4.296e-05,5.098e-05,2021058
20171215,0800,XRPZ17,5.098e-05,5.09e-05,4.551e-05,4.712e-05,981871
20171215,0900,XRPZ17,4.712e-05,4.833e-05,4.466e-05,4.474e-05,742582
20171215,1000,XRPZ17,4.474e-05,4.578e-05,4.213e-05,4.247e-05,1421173
20171215,1100,XRPZ17,4.247e-05,4.409e-05,3.949e-05,4.308e-05,1674303
20171215,1200,XRPZ17,4.308e-05,4.46e-05,4.104e-05,4.227e-05,751048
20171215,1300,XRPZ17,4.227e-05,4.6e-05,4.155e-05,4.424e-05,978621
20171215,1400,XRPZ17,4.424e-05,4.641e-05,4.34e-05,4.384e-05,802926
20171215,1500,XRPZ17,4.384e-05,4.906e-05,4.345e-05,4.903e-05,1076185
20171215,1600,XRPZ17,4.903e-05,4.925e-05,4.55e-05,4.668e-05,1504763
20171215,1700,XRPZ17,4.668e-05,4.782e-05,4.56e-05,4.617e-05,533535
20171215,1800,XRPZ17,4.617e-05,4.666e-05,4.5e-05,4.525e-05,731927
20171215,1900,XRPZ17,4.525e-05,4.566e-05,4.236e-05,4.325e-05,899980
20171215,2000,XRPZ17,4.325e-05,4.49e-05,4.23e-05,4.31e-05,710823
20171215,2100,XRPZ17,4.31e-05,4.518e-05,4.286e-05,4.518e-05,603575
20171215,2200,XRPZ17,4.518e-05,4.583e-05,4.342e-05,4.438e-05,765238
20171215,2300,XRPZ17,4.438e-05,4.571e-05,4.35e-05,4.374e-05,538251
20171216,0000,XRPZ17,4.374e-05,4.449e-05,4.113e-05,4.311e-05,1159390
20171216,0100,XRPZ17,4.311e-05,4.336e-05,4.248e-05,4.322e-05,248625
20171216,0200,XRPZ17,4.322e-05,4.54e-05,4.199e-05,4.539e-05,1042723
20171216,0300,XRPZ17,4.539e-05,4.529e-05,4.407e-05,4.508e-05,487430
20171216,0400,XRPZ17,4.508e-05,4.54e-05,4.357e-05,4.483e-05,641262
20171216,0500,XRPZ17,4.483e-05,4.486e-05,4.294e-05,4.486e-05,641491
20171216,0600,XRPZ17,4.486e-05,4.553e-05,4.378e-05,4.5e-05,411954
20171216,0700,XRPZ17,4.5e-05,4.5e-05,4.269e-05,4.38e-05,636812
20171216,0800,XRPZ17,4.38e-05,4.45e-05,4.224e-05,4.338e-05,386640
20171216,0900,XRPZ17,4.338e-05,4.436e-05,4.295e-05,4.35e-05,277639
20171216,1000,XRPZ17,4.35e-05,4.413e-05,4.306e-05,4.368e-05,311207
20171216,1100,XRPZ17,4.368e-05,4.997e-05,4.369e-05,4.859e-05,2665878
20171216,1200,XRPZ17,4.859e-05,4.854e-05,4.385e-05,4.495e-05,2315715
20171216,1300,XRPZ17,4.495e-05,4.638e-05,4.452e-05,4.498e-05,554562
20171216,1400,XRPZ17,4.498e-05,4.52e-05,4.179e-05,4.266e-05,1947495
20171216,1500,XRPZ17,4.266e-05,4.335e-05,4.12e-05,4.15e-05,1021817
20171216,1600,XRPZ17,4.15e-05,4.251e-05,4.062e-05,4.071e-05,1491206
20171216,1700,XRPZ17,4.071e-05,4.283e-05,4.062e-05,4.166e-05,1035493
20171216,1800,XRPZ17,4.166e-05,4.249e-05,4.139e-05,4.178e-05,331853
20171216,1900,XRPZ17,4.178e-05,4.206e-05,4.1e-05,4.186e-05,432789
20171216,2000,XRPZ17,4.186e-05,4.203e-05,3.93e-05,3.941e-05,962291
20171216,2100,XRPZ17,3.941e-05,4.023e-05,3.909e-05,3.999e-05,588923
20171216,2200,XRPZ17,3.999e-05,4.113e-05,3.995e-05,4e-05,340785
20171216,2300,XRPZ17,4e-05,4.061e-05,3.906e-05,3.942e-05,276058
20171217,0000,XRPZ17,3.942e-05,4.032e-05,3.867e-05,3.965e-05,406197
20171217,0100,XRPZ17,3.965e-05,4.082e-05,3.93e-05,4.08e-05,313932
20171217,0200,XRPZ17,4.08e-05,4.194e-05,4.001e-05,4.138e-05,845505
20171217,0300,XRPZ17,4.138e-05,4.18e-05,3.942e-05,4.048e-05,482298
20171217,0400,XRPZ17,4.048e-05,4.226e-05,3.8e-05,3.918e-05,2069358
20171217,0500,XRPZ17,3.918e-05,4.068e-05,3.829e-05,3.997e-05,335846
20171217,0600,XRPZ17,3.997e-05,4.07e-05,3.942e-05,3.961e-05,271598
20171217,0700,XRPZ17,3.961e-05,3.981e-05,3.952e-05,3.952e-05,59160
20171217,0800,XRPZ17,3.952e-05,3.95e-05,3.851e-05,3.888e-05,82289
20171217,0900,XRPZ17,3.888e-05,3.935e-05,3.867e-05,3.89e-05,71272
20171217,1000,XRPZ17,3.89e-05,3.951e-05,3.898e-05,3.923e-05,115419
20171217,1100,XRPZ17,3.923e-05,3.923e-05,3.799e-05,3.85e-05,453184
20171217,1200,XRPZ17,3.85e-05,3.858e-05,3.759e-05,3.772e-05,196607
20171217,1300,XRPZ17,3.772e-05,3.83e-05,3.634e-05,3.829e-05,601818
20171217,1400,XRPZ17,3.829e-05,3.94e-05,3.716e-05,3.776e-05,403353
20171217,1500,XRPZ17,3.776e-05,3.911e-05,3.67e-05,3.852e-05,462491
20171217,1600,XRPZ17,3.852e-05,4.03e-05,3.807e-05,3.902e-05,659536
20171217,1700,XRPZ17,3.902e-05,3.92e-05,3.821e-05,3.918e-05,107768
20171217,1800,XRPZ17,3.918e-05,3.899e-05,3.771e-05,3.771e-05,71411
20171217,1900,XRPZ17,3.771e-05,3.92e-05,3.772e-05,3.852e-05,90913
20171217,2000,XRPZ17,3.852e-05,4.07e-05,3.854e-05,4.066e-05,271968
20171217,2100,XRPZ17,4.066e-05,3.96e-05,3.771e-05,3.835e-05,267684
20171217,2200,XRPZ17,3.835e-05,3.996e-05,3.841e-05,3.996e-05,165222
20171217,2300,XRPZ17,3.996e-05,3.994e-05,3.771e-05,3.863e-05,296053
20171218,0000,XRPZ17,3.863e-05,3.95e-05,3.783e-05,3.839e-05,122932
20171218,0100,XRPZ17,3.839e-05,4.001e-05,3.808e-05,3.91e-05,681366
20171218,0200,XRPZ17,3.91e-05,3.906e-05,3.744e-05,3.789e-05,383683
20171218,0300,XRPZ17,3.789e-05,3.806e-05,3.748e-05,3.79e-05,32837
20171218,0400,XRPZ17,3.79e-05,3.797e-05,3.751e-05,3.797e-05,50333
20171218,0500,XRPZ17,3.797e-05,3.793e-05,3.748e-05,3.766e-05,71712
20171218,0600,XRPZ17,3.766e-05,3.813e-05,3.748e-05,3.813e-05,46727
20171218,0700,XRPZ17,3.813e-05,3.893e-05,3.789e-05,3.871e-05,116559
20171218,0800,XRPZ17,3.871e-05,3.95e-05,3.832e-05,3.872e-05,266326
20171218,0900,XRPZ17,3.872e-05,4.135e-05,3.853e-05,3.993e-05,1350938
20171218,1000,XRPZ17,3.993e-05,4.03e-05,3.965e-05,4.01e-05,463320
20171218,1100,XRPZ17,4.01e-05,4.022e-05,3.965e-05,3.978e-05,432132
20171218,1200,XRPZ17,3.978e-05,3.994e-05,3.915e-05,3.945e-05,276460
20171218,1300,XRPZ17,3.945e-05,3.973e-05,3.824e-05,3.89e-05,390714
20171218,1400,XRPZ17,3.89e-05,3.935e-05,3.852e-05,3.935e-05,104208
20171218,1500,XRPZ17,3.935e-05,3.969e-05,3.859e-05,3.943e-05,187822
20171218,1600,XRPZ17,3.943e-05,3.95e-05,3.902e-05,3.917e-05,169559
20171218,1700,XRPZ17,3.917e-05,3.925e-05,3.867e-05,3.923e-05,112770
20171218,1800,XRPZ17,3.923e-05,4.036e-05,3.921e-05,3.989e-05,840122
20171218,1900,XRPZ17,3.989e-05,4.07e-05,3.941e-05,4.004e-05,346643
20171218,2000,XRPZ17,4.004e-05,4.218e-05,3.976e-05,4.124e-05,910874
20171218,2100,XRPZ17,4.124e-05,4.476e-05,4.104e-05,4.301e-05,1950841
20171218,2200,XRPZ17,4.301e-05,4.423e-05,4.273e-05,4.274e-05,1348532
20171218,2300,XRPZ17,4.274e-05,4.342e-05,4.152e-05,4.21e-05,699283
20171219,0000,XRPZ17,4.21e-05,4.184e-05,3.837e-05,4.1e-05,1429982
20171219,0100,XRPZ17,4.1e-05,4.123e-05,4.034e-05,4.094e-05,362795
20171219,0200,XRPZ17,4.094e-05,4.396e-05,4.089e-05,4.285e-05,721900
20171219,0300,XRPZ17,4.285e-05,4.381e-05,4.217e-05,4.267e-05,495187
20171219,0400,XRPZ17,4.267e-05,4.425e-05,4.263e-05,4.375e-05,439487
20171219,0500,XRPZ17,4.375e-05,4.598e-05,4.336e-05,4.478e-05,1087473
20171219,0600,XRPZ17,4.478e-05,4.694e-05,4.458e-05,4.669e-05,1418137
20171219,0700,XRPZ17,4.669e-05,4.691e-05,4.458e-05,4.49e-05,677170
20171219,0800,XRPZ17,4.49e-05,4.564e-05,4.35e-05,4.382e-05,376108
20171219,0900,XRPZ17,4.382e-05,4.486e-05,4.366e-05,4.484e-05,413148
20171219,1000,XRPZ17,4.484e-05,4.542e-05,4.327e-05,4.344e-05,615706
20171219,1100,XRPZ17,4.344e-05,4.42e-05,4.1e-05,4.162e-05,1160761
20171219,1200,XRPZ17,4.162e-05,4.3e-05,4.135e-05,4.288e-05,1194753
20171219,1300,XRPZ17,4.288e-05,4.414e-05,4.201e-05,4.294e-05,355847
20171219,1400,XRPZ17,4.294e-05,4.433e-05,4.293e-05,4.361e-05,100360
20171219,1500,XRPZ17,4.361e-05,4.412e-05,4.28e-05,4.399e-05,69579
20171219,1600,XRPZ17,4.399e-05,4.4e-05,4.275e-05,4.38e-05,183732
20171219,1700,XRPZ17,4.38e-05,4.427e-05,4.307e-05,4.391e-05,432042
20171219,1800,XRPZ17,4.391e-05,4.419e-05,4.335e-05,4.397e-05,134788
20171219,1900,XRPZ17,4.397e-05,4.442e-05,4.308e-05,4.442e-05,206186
20171219,2000,XRPZ17,4.442e-05,4.455e-05,4.394e-05,4.451e-05,159322
