20171128,0000,ZECZ17,0.039302,0.038488,0.038487,0.038487,20
20171128,0100,ZECZ17,0.038487,0.038487,0.038487,0.038487,0
20171128,0200,ZECZ17,0.038487,0.038546,0.038546,0.038546,1
20171128,0300,ZECZ17,0.038546,0.038546,0.038546,0.038546,0
20171128,0400,ZECZ17,0.038546,0.040293,0.040206,0.040293,2
20171128,0500,ZECZ17,0.040293,0.040292,0.038809,0.040292,19
20171128,0600,ZECZ17,0.040292,0.039549,0.038517,0.038518,17
20171128,0700,ZECZ17,0.038518,0.039549,0.038517,0.039549,43
20171128,0800,ZECZ17,0.039549,0.039549,0.039549,0.039549,0
20171128,0900,ZECZ17,0.039549,0.039899,0.038001,0.039899,96
20171128,1000,ZECZ17,0.039899,0.039897,0.039897,0.039897,17
20171128,1100,ZECZ17,0.039897,0.042109,0.040341,0.04207,21
20171128,1200,ZECZ17,0.04207,0.042109,0.0401,0.041635,14
20171128,1300,ZECZ17,0.041635,0.040649,0.038211,0.038386,60
20171128,1400,ZECZ17,0.038386,0.040579,0.038951,0.04,98
20171128,1500,ZECZ17,0.04,0.04,0.038666,0.038666,26
20171128,1600,ZECZ17,0.038666,0.041994,0.040433,0.041994,14
20171128,1700,ZECZ17,0.041994,0.042109,0.038614,0.040499,113
20171128,1800,ZECZ17,0.040499,0.040499,0.039332,0.040499,4
20171128,1900,ZECZ17,0.040499,0.041765,0.039917,0.039917,51
20171128,2000,ZECZ17,0.039917,0.039918,0.039917,0.039917,4
20171128,2100,ZECZ17,0.039917,0.039917,0.039917,0.039917,0
20171128,2200,ZECZ17,0.039917,0.039917,0.039917,0.039917,0
20171128,2300,ZECZ17,0.039917,0.04098,0.040967,0.04098,10
20171129,0000,ZECZ17,0.04098,0.041006,0.040896,0.040985,63
20171129,0100,ZECZ17,0.040985,0.041938,0.040628,0.041938,10
20171129,0200,ZECZ17,0.041938,0.040052,0.040052,0.040052,6
20171129,0300,ZECZ17,0.040052,0.040888,0.039874,0.040888,10
20171129,0400,ZECZ17,0.040888,0.039874,0.038688,0.039614,62
20171129,0500,ZECZ17,0.039614,0.039386,0.03771,0.03771,122
20171129,0600,ZECZ17,0.03771,0.037709,0.0363,0.036488,242
20171129,0700,ZECZ17,0.036488,0.03694,0.036001,0.036939,82
20171129,0800,ZECZ17,0.036939,0.03695,0.036616,0.036949,17
20171129,0900,ZECZ17,0.036949,0.03666,0.036101,0.03666,104
20171129,1000,ZECZ17,0.03666,0.036658,0.036002,0.036658,44
20171129,1100,ZECZ17,0.036658,0.036658,0.036658,0.036658,0
20171129,1200,ZECZ17,0.036658,0.037876,0.036003,0.037876,107
20171129,1300,ZECZ17,0.037876,0.03725,0.036003,0.036012,163
20171129,1400,ZECZ17,0.036012,0.037666,0.036874,0.037003,27
20171129,1500,ZECZ17,0.037003,0.036501,0.035955,0.035955,34
20171129,1600,ZECZ17,0.035955,0.035955,0.034505,0.035081,57
20171129,1700,ZECZ17,0.035081,0.037496,0.035081,0.037496,45
20171129,1800,ZECZ17,0.037496,0.037484,0.035094,0.037484,10
20171129,1900,ZECZ17,0.037484,0.037484,0.03747,0.03747,2
20171129,2000,ZECZ17,0.03747,0.037475,0.035361,0.035361,85
20171129,2100,ZECZ17,0.035361,0.035082,0.034511,0.034511,59
20171129,2200,ZECZ17,0.034511,0.034999,0.033551,0.0341,125
20171129,2300,ZECZ17,0.0341,0.03698,0.033301,0.03698,168
20171130,0000,ZECZ17,0.03698,0.0368,0.033315,0.033315,6
20171130,0100,ZECZ17,0.033315,0.033315,0.033315,0.033315,0
20171130,0200,ZECZ17,0.033315,0.0351,0.034934,0.034934,49
20171130,0300,ZECZ17,0.034934,0.033311,0.033311,0.033311,2
20171130,0400,ZECZ17,0.033311,0.033311,0.033311,0.033311,0
20171130,0500,ZECZ17,0.033311,0.033401,0.033401,0.033401,11
20171130,0600,ZECZ17,0.033401,0.0334,0.0333,0.0333,30
20171130,0700,ZECZ17,0.0333,0.032512,0.032005,0.032005,21
20171130,0800,ZECZ17,0.032005,0.032144,0.03206,0.03206,25
20171130,0900,ZECZ17,0.03206,0.033291,0.032122,0.033291,223
20171130,1000,ZECZ17,0.033291,0.034,0.033189,0.03375,1195
20171130,1100,ZECZ17,0.03375,0.03375,0.03375,0.03375,0
20171130,1200,ZECZ17,0.03375,0.03325,0.03325,0.03325,9
20171130,1300,ZECZ17,0.03325,0.033249,0.033249,0.033249,50
20171130,1400,ZECZ17,0.033249,0.032889,0.030301,0.030301,160
20171130,1500,ZECZ17,0.030301,0.032299,0.030301,0.032299,70
20171130,1600,ZECZ17,0.032299,0.032498,0.031634,0.031634,63
20171130,1700,ZECZ17,0.031634,0.031948,0.031441,0.031948,214
20171130,1800,ZECZ17,0.031948,0.032584,0.032277,0.032584,112
20171130,1900,ZECZ17,0.032584,0.032728,0.031423,0.032728,14
20171130,2000,ZECZ17,0.032728,0.032639,0.032487,0.032639,8
20171130,2100,ZECZ17,0.032639,0.032799,0.032,0.032699,120
20171130,2200,ZECZ17,0.032699,0.0327,0.032248,0.0327,6
20171130,2300,ZECZ17,0.0327,0.0327,0.0327,0.0327,7
20171201,0000,ZECZ17,0.0327,0.0328,0.0327,0.0328,8
20171201,0100,ZECZ17,0.0328,0.0328,0.0328,0.0328,0
20171201,0200,ZECZ17,0.0328,0.0317,0.0317,0.0317,5
20171201,0300,ZECZ17,0.0317,0.0317,0.0317,0.0317,1
20171201,0400,ZECZ17,0.0317,0.0317,0.0317,0.0317,1
20171201,0500,ZECZ17,0.0317,0.031601,0.031556,0.031556,20
20171201,0600,ZECZ17,0.031556,0.031588,0.031588,0.031588,1
20171201,0700,ZECZ17,0.031588,0.031588,0.031588,0.031588,0
20171201,0800,ZECZ17,0.031588,0.033077,0.032992,0.033077,65
20171201,0900,ZECZ17,0.033077,0.033077,0.033077,0.033077,0
20171201,1000,ZECZ17,0.033077,0.033077,0.033077,0.033077,0
20171201,1100,ZECZ17,0.033077,0.033139,0.031588,0.033139,13
20171201,1200,ZECZ17,0.033139,0.033139,0.031411,0.031412,67
20171201,1300,ZECZ17,0.031412,0.033119,0.031501,0.031501,38
20171201,1400,ZECZ17,0.031501,0.031619,0.031588,0.031588,80
20171201,1500,ZECZ17,0.031588,0.031702,0.031509,0.031701,19
20171201,1600,ZECZ17,0.031701,0.033,0.033,0.033,2
20171201,1700,ZECZ17,0.033,0.031509,0.031508,0.031508,46
20171201,1800,ZECZ17,0.031508,0.031508,0.031508,0.031508,0
20171201,1900,ZECZ17,0.031508,0.033108,0.033108,0.033108,3
20171201,2000,ZECZ17,0.033108,0.033117,0.033108,0.033117,8
20171201,2100,ZECZ17,0.033117,0.033117,0.033117,0.033117,0
20171201,2200,ZECZ17,0.033117,0.033117,0.033117,0.033117,0
20171201,2300,ZECZ17,0.033117,0.033108,0.0318,0.033108,42
20171202,0000,ZECZ17,0.033108,0.033099,0.033099,0.033099,3
20171202,0100,ZECZ17,0.033099,0.033099,0.033099,0.033099,0
20171202,0200,ZECZ17,0.033099,0.033099,0.033099,0.033099,0
20171202,0300,ZECZ17,0.033099,0.033099,0.033099,0.033099,0
20171202,0400,ZECZ17,0.033099,0.033099,0.033099,0.033099,0
20171202,0500,ZECZ17,0.033099,0.033099,0.033099,0.033099,0
20171202,0600,ZECZ17,0.033099,0.033099,0.033099,0.033099,0
20171202,0700,ZECZ17,0.033099,0.03242,0.032419,0.03242,54
20171202,0800,ZECZ17,0.03242,0.0325,0.0325,0.0325,1
20171202,0900,ZECZ17,0.0325,0.0325,0.0325,0.0325,0
20171202,1000,ZECZ17,0.0325,0.0325,0.0325,0.0325,0
20171202,1100,ZECZ17,0.0325,0.03308,0.031939,0.03308,4
20171202,1200,ZECZ17,0.03308,0.031939,0.031939,0.031939,1
20171202,1300,ZECZ17,0.031939,0.032944,0.032944,0.032944,1
20171202,1400,ZECZ17,0.032944,0.032744,0.0318,0.032744,22
20171202,1500,ZECZ17,0.032744,0.032688,0.031411,0.031411,111
20171202,1600,ZECZ17,0.031411,0.031411,0.031411,0.031411,0
20171202,1700,ZECZ17,0.031411,0.031411,0.031411,0.031411,0
20171202,1800,ZECZ17,0.031411,0.031411,0.031401,0.031401,15
20171202,1900,ZECZ17,0.031401,0.031401,0.031401,0.031401,0
20171202,2000,ZECZ17,0.031401,0.032199,0.03219,0.032199,10
20171202,2100,ZECZ17,0.032199,0.032199,0.032199,0.032199,0
20171202,2200,ZECZ17,0.032199,0.032199,0.032199,0.032199,0
20171202,2300,ZECZ17,0.032199,0.032199,0.032199,0.032199,0
20171203,0000,ZECZ17,0.032199,0.032199,0.032199,0.032199,0
20171203,0100,ZECZ17,0.032199,0.032199,0.032199,0.032199,0
20171203,0200,ZECZ17,0.032199,0.032199,0.032199,0.032199,0
20171203,0300,ZECZ17,0.032199,0.032199,0.032199,0.032199,0
20171203,0400,ZECZ17,0.032199,0.032199,0.032199,0.032199,0
20171203,0500,ZECZ17,0.032199,0.032199,0.032199,0.032199,0
20171203,0600,ZECZ17,0.032199,0.032199,0.032199,0.032199,0
20171203,0700,ZECZ17,0.032199,0.032199,0.032199,0.032199,0
20171203,0800,ZECZ17,0.032199,0.032199,0.032199,0.032199,0
20171203,0900,ZECZ17,0.032199,0.032199,0.032199,0.032199,0
20171203,1000,ZECZ17,0.032199,0.032199,0.032199,0.032199,0
20171203,1100,ZECZ17,0.032199,0.031694,0.031693,0.031694,20
20171203,1200,ZECZ17,0.031694,0.031131,0.031102,0.031102,7
20171203,1300,ZECZ17,0.031102,0.0312,0.03047,0.03047,7
20171203,1400,ZECZ17,0.03047,0.031644,0.031111,0.031644,5
20171203,1500,ZECZ17,0.031644,0.031622,0.03147,0.031622,4
20171203,1600,ZECZ17,0.031622,0.031622,0.031622,0.031622,0
20171203,1700,ZECZ17,0.031622,0.031589,0.0306,0.0306,41
20171203,1800,ZECZ17,0.0306,0.031686,0.030307,0.031346,85
20171203,1900,ZECZ17,0.031346,0.031346,0.031346,0.031346,0
20171203,2000,ZECZ17,0.031346,0.031346,0.031346,0.031346,0
20171203,2100,ZECZ17,0.031346,0.03045,0.030298,0.030298,22
20171203,2200,ZECZ17,0.030298,0.031668,0.03038,0.031668,2
20171203,2300,ZECZ17,0.031668,0.031548,0.030286,0.031548,3
20171204,0000,ZECZ17,0.031548,0.031,0.031,0.031,5
20171204,0100,ZECZ17,0.031,0.030242,0.030242,0.030242,2
20171204,0200,ZECZ17,0.030242,0.030099,0.030099,0.030099,60
20171204,0300,ZECZ17,0.030099,0.029878,0.029803,0.029803,5
20171204,0400,ZECZ17,0.029803,0.029803,0.029803,0.029803,0
20171204,0500,ZECZ17,0.029803,0.029803,0.029803,0.029803,0
20171204,0600,ZECZ17,0.029803,0.029803,0.029803,0.029803,0
20171204,0700,ZECZ17,0.029803,0.029803,0.029803,0.029803,0
20171204,0800,ZECZ17,0.029803,0.029803,0.029803,0.029803,0
20171204,0900,ZECZ17,0.029803,0.029803,0.029803,0.029803,0
20171204,1000,ZECZ17,0.029803,0.031148,0.030475,0.031147,10
20171204,1100,ZECZ17,0.031147,0.031147,0.031147,0.031147,0
20171204,1200,ZECZ17,0.031147,0.031119,0.031119,0.031119,5
20171204,1300,ZECZ17,0.031119,0.031088,0.031088,0.031088,20
20171204,1400,ZECZ17,0.031088,0.029933,0.0298,0.0298,100
20171204,1500,ZECZ17,0.0298,0.0298,0.0298,0.0298,0
20171204,1600,ZECZ17,0.0298,0.031099,0.031098,0.031099,11
20171204,1700,ZECZ17,0.031099,0.031099,0.031099,0.031099,0
20171204,1800,ZECZ17,0.031099,0.030565,0.030565,0.030565,2
20171204,1900,ZECZ17,0.030565,0.031118,0.030665,0.031118,35
20171204,2000,ZECZ17,0.031118,0.031118,0.031118,0.031118,0
20171204,2100,ZECZ17,0.031118,0.030665,0.029831,0.029831,19
20171204,2200,ZECZ17,0.029831,0.02998,0.02998,0.02998,17
20171204,2300,ZECZ17,0.02998,0.02998,0.02998,0.02998,0
20171205,0000,ZECZ17,0.02998,0.02998,0.02998,0.02998,0
20171205,0100,ZECZ17,0.02998,0.029949,0.0298,0.029949,15
20171205,0200,ZECZ17,0.029949,0.0298,0.02711,0.0293,447
20171205,0300,ZECZ17,0.0293,0.0293,0.027,0.027202,135
20171205,0400,ZECZ17,0.027202,0.028,0.028,0.028,5
20171205,0500,ZECZ17,0.028,0.029035,0.028816,0.029035,21
20171205,0600,ZECZ17,0.029035,0.029035,0.029035,0.029035,0
20171205,0700,ZECZ17,0.029035,0.028956,0.028956,0.028956,10
20171205,0800,ZECZ17,0.028956,0.029071,0.029071,0.029071,6
20171205,0900,ZECZ17,0.029071,0.028839,0.028839,0.028839,1
20171205,1000,ZECZ17,0.028839,0.028839,0.028839,0.028839,0
20171205,1100,ZECZ17,0.028839,0.028839,0.028839,0.028839,0
20171205,1200,ZECZ17,0.028839,0.02792,0.027763,0.02792,3
20171205,1300,ZECZ17,0.02792,0.0293,0.0293,0.0293,4
20171205,1400,ZECZ17,0.0293,0.02841,0.02841,0.02841,6
20171205,1500,ZECZ17,0.02841,0.029266,0.029266,0.029266,2
20171205,1600,ZECZ17,0.029266,0.02893,0.02838,0.02838,12
20171205,1700,ZECZ17,0.02838,0.02904,0.02854,0.02854,20
20171205,1800,ZECZ17,0.02854,0.028855,0.02852,0.02858,20
20171205,1900,ZECZ17,0.02858,0.02846,0.02846,0.02846,1
20171205,2000,ZECZ17,0.02846,0.029459,0.028562,0.029459,251
20171205,2100,ZECZ17,0.029459,0.028684,0.028684,0.028684,20
20171205,2200,ZECZ17,0.028684,0.028597,0.028523,0.028523,6
20171205,2300,ZECZ17,0.028523,0.028631,0.028493,0.028631,6
20171206,0000,ZECZ17,0.028631,0.0295,0.028553,0.0295,12
20171206,0100,ZECZ17,0.0295,0.028974,0.028681,0.028974,12
20171206,0200,ZECZ17,0.028974,0.030988,0.0295,0.03,265
20171206,0300,ZECZ17,0.03,0.030835,0.028638,0.028738,157
20171206,0400,ZECZ17,0.028738,0.02949,0.028301,0.028301,89
20171206,0500,ZECZ17,0.028301,0.028301,0.028301,0.028301,0
20171206,0600,ZECZ17,0.028301,0.029888,0.029888,0.029888,28
20171206,0700,ZECZ17,0.029888,0.030888,0.028695,0.028695,27
20171206,0800,ZECZ17,0.028695,0.030744,0.0285,0.030744,101
20171206,0900,ZECZ17,0.030744,0.030744,0.030744,0.030744,0
20171206,1000,ZECZ17,0.030744,0.0285,0.027952,0.027952,18
20171206,1100,ZECZ17,0.027952,0.028001,0.025487,0.026017,748
20171206,1200,ZECZ17,0.026017,0.026311,0.02631,0.02631,278
20171206,1300,ZECZ17,0.02631,0.02775,0.02775,0.02775,1
20171206,1400,ZECZ17,0.02775,0.026499,0.02631,0.02631,170
20171206,1500,ZECZ17,0.02631,0.027,0.02631,0.02631,85
20171206,1600,ZECZ17,0.02631,0.026311,0.02631,0.02631,5
20171206,1700,ZECZ17,0.02631,0.02641,0.02631,0.026311,65
20171206,1800,ZECZ17,0.026311,0.02631,0.02631,0.02631,4
20171206,1900,ZECZ17,0.02631,0.02688,0.02631,0.02688,172
20171206,2000,ZECZ17,0.02688,0.026662,0.02631,0.02631,59
20171206,2100,ZECZ17,0.02631,0.026,0.024999,0.024999,45
20171206,2200,ZECZ17,0.024999,0.024579,0.023736,0.0238,918
20171206,2300,ZECZ17,0.0238,0.024907,0.023304,0.024907,87
20171207,0000,ZECZ17,0.024907,0.024099,0.022503,0.024099,422
20171207,0100,ZECZ17,0.024099,0.024099,0.024099,0.024099,0
20171207,0200,ZECZ17,0.024099,0.022904,0.022,0.022904,410
20171207,0300,ZECZ17,0.022904,0.022904,0.022765,0.022904,94
20171207,0400,ZECZ17,0.022904,0.022904,0.022904,0.022904,0
20171207,0500,ZECZ17,0.022904,0.023497,0.022512,0.022512,21
20171207,0600,ZECZ17,0.022512,0.022512,0.022512,0.022512,0
20171207,0700,ZECZ17,0.022512,0.022011,0.02201,0.02201,20
20171207,0800,ZECZ17,0.02201,0.02201,0.02201,0.02201,0
20171207,0900,ZECZ17,0.02201,0.02201,0.021001,0.0213,124
20171207,1000,ZECZ17,0.0213,0.021,0.02021,0.02021,180
20171207,1100,ZECZ17,0.02021,0.0204,0.02021,0.020355,465
20171207,1200,ZECZ17,0.020355,0.021044,0.018501,0.021044,162
20171207,1300,ZECZ17,0.021044,0.021395,0.021379,0.021395,33
20171207,1400,ZECZ17,0.021395,0.020066,0.020066,0.020066,6
20171207,1500,ZECZ17,0.020066,0.0203,0.0203,0.0203,114
20171207,1600,ZECZ17,0.0203,0.019649,0.0195,0.0195,10
20171207,1700,ZECZ17,0.0195,0.018598,0.018326,0.018598,6
20171207,1800,ZECZ17,0.018598,0.018598,0.018598,0.018598,0
20171207,1900,ZECZ17,0.018598,0.01901,0.01901,0.01901,68
20171207,2000,ZECZ17,0.01901,0.02026,0.02018,0.02018,22
20171207,2100,ZECZ17,0.02018,0.02018,0.02018,0.02018,0
20171207,2200,ZECZ17,0.02018,0.019366,0.019025,0.019025,14
20171207,2300,ZECZ17,0.019025,0.019017,0.0177,0.0177,86
20171208,0000,ZECZ17,0.0177,0.018638,0.017696,0.018638,32
20171208,0100,ZECZ17,0.018638,0.017296,0.0172,0.0172,46
20171208,0200,ZECZ17,0.0172,0.017057,0.017057,0.017057,9
20171208,0300,ZECZ17,0.017057,0.01795,0.017057,0.01795,35
20171208,0400,ZECZ17,0.01795,0.018,0.018,0.018,5
20171208,0500,ZECZ17,0.018,0.01953,0.01953,0.01953,30
20171208,0600,ZECZ17,0.01953,0.020744,0.020281,0.020325,125
20171208,0700,ZECZ17,0.020325,0.020598,0.019552,0.019552,134
20171208,0800,ZECZ17,0.019552,0.019091,0.018242,0.018242,55
20171208,0900,ZECZ17,0.018242,0.019402,0.019402,0.019402,3
20171208,1000,ZECZ17,0.019402,0.020125,0.020102,0.020125,26
20171208,1100,ZECZ17,0.020125,0.020897,0.018531,0.020894,382
20171208,1200,ZECZ17,0.020894,0.022351,0.021,0.021002,54
20171208,1300,ZECZ17,0.021002,0.021135,0.020284,0.020284,40
20171208,1400,ZECZ17,0.020284,0.02145,0.021139,0.021139,4
20171208,1500,ZECZ17,0.021139,0.020953,0.020138,0.020138,12
20171208,1600,ZECZ17,0.020138,0.019915,0.019661,0.019914,35
20171208,1700,ZECZ17,0.019914,0.02113,0.020801,0.020865,179
20171208,1800,ZECZ17,0.020865,0.020865,0.020865,0.020865,312
20171208,1900,ZECZ17,0.020865,0.02235,0.020334,0.02235,204
20171208,2000,ZECZ17,0.02235,0.022105,0.020575,0.021958,23
20171208,2100,ZECZ17,0.021958,0.021658,0.021609,0.021609,5
20171208,2200,ZECZ17,0.021609,0.021609,0.021609,0.021609,0
20171208,2300,ZECZ17,0.021609,0.019702,0.017941,0.018821,205
20171209,0000,ZECZ17,0.018821,0.019695,0.0195,0.0195,31
20171209,0100,ZECZ17,0.0195,0.019498,0.018241,0.019498,27
20171209,0200,ZECZ17,0.019498,0.020712,0.019497,0.020712,66
20171209,0300,ZECZ17,0.020712,0.020712,0.020712,0.020712,0
20171209,0400,ZECZ17,0.020712,0.020717,0.020717,0.020717,1
20171209,0500,ZECZ17,0.020717,0.02166,0.020426,0.020426,42
20171209,0600,ZECZ17,0.020426,0.022379,0.021536,0.022379,20
20171209,0700,ZECZ17,0.022379,0.021858,0.021105,0.021858,6
20171209,0800,ZECZ17,0.021858,0.02095,0.02095,0.02095,1
20171209,0900,ZECZ17,0.02095,0.022379,0.021035,0.022379,36
20171209,1000,ZECZ17,0.022379,0.02238,0.021418,0.02238,18
20171209,1100,ZECZ17,0.02238,0.022379,0.021611,0.021611,33
20171209,1200,ZECZ17,0.021611,0.021611,0.021611,0.021611,0
20171209,1300,ZECZ17,0.021611,0.020699,0.020699,0.020699,10
20171209,1400,ZECZ17,0.020699,0.021821,0.02182,0.02182,2
20171209,1500,ZECZ17,0.02182,0.022614,0.02182,0.02182,7
20171209,1600,ZECZ17,0.02182,0.022787,0.0223,0.0223,37
20171209,1700,ZECZ17,0.0223,0.022658,0.022658,0.022658,1
20171209,1800,ZECZ17,0.022658,0.023322,0.021979,0.023322,28
20171209,1900,ZECZ17,0.023322,0.021523,0.021521,0.021521,4
20171209,2000,ZECZ17,0.021521,0.021521,0.021521,0.021521,0
20171209,2100,ZECZ17,0.021521,0.021521,0.021521,0.021521,0
20171209,2200,ZECZ17,0.021521,0.021521,0.021521,0.021521,0
20171209,2300,ZECZ17,0.021521,0.021918,0.021561,0.021561,173
20171210,0000,ZECZ17,0.021561,0.021561,0.021561,0.021561,0
20171210,0100,ZECZ17,0.021561,0.02104,0.021036,0.021036,20
20171210,0200,ZECZ17,0.021036,0.021712,0.02171,0.021712,44
20171210,0300,ZECZ17,0.021712,0.021712,0.021712,0.021712,0
20171210,0400,ZECZ17,0.021712,0.021712,0.021712,0.021712,0
20171210,0500,ZECZ17,0.021712,0.02167,0.02167,0.02167,1
20171210,0600,ZECZ17,0.02167,0.021551,0.02155,0.02155,137
20171210,0700,ZECZ17,0.02155,0.02155,0.02155,0.02155,0
20171210,0800,ZECZ17,0.02155,0.02155,0.02155,0.02155,0
20171210,0900,ZECZ17,0.02155,0.02155,0.02155,0.02155,0
20171210,1000,ZECZ17,0.02155,0.02155,0.02155,0.02155,0
20171210,1100,ZECZ17,0.02155,0.02155,0.02155,0.02155,1
20171210,1200,ZECZ17,0.02155,0.022805,0.021551,0.022008,250
20171210,1300,ZECZ17,0.022008,0.022095,0.022095,0.022095,1
20171210,1400,ZECZ17,0.022095,0.0222,0.02155,0.02155,29
20171210,1500,ZECZ17,0.02155,0.02155,0.018244,0.019831,178
20171210,1600,ZECZ17,0.019831,0.019828,0.019828,0.019828,1
20171210,1700,ZECZ17,0.019828,0.020514,0.018895,0.020514,87
20171210,1800,ZECZ17,0.020514,0.020349,0.020349,0.020349,5
20171210,1900,ZECZ17,0.020349,0.019645,0.019645,0.019645,5
20171210,2000,ZECZ17,0.019645,0.019645,0.019645,0.019645,0
20171210,2100,ZECZ17,0.019645,0.019647,0.019647,0.019647,2
20171210,2200,ZECZ17,0.019647,0.020812,0.020585,0.020585,5
20171210,2300,ZECZ17,0.020585,0.020428,0.020428,0.020428,1
20171211,0000,ZECZ17,0.020428,0.019371,0.018751,0.018751,15
20171211,0100,ZECZ17,0.018751,0.019642,0.018753,0.019642,6
20171211,0200,ZECZ17,0.019642,0.019344,0.019344,0.019344,5
20171211,0300,ZECZ17,0.019344,0.019344,0.019344,0.019344,0
20171211,0400,ZECZ17,0.019344,0.019344,0.019344,0.019344,0
20171211,0500,ZECZ17,0.019344,0.019344,0.019344,0.019344,0
20171211,0600,ZECZ17,0.019344,0.019344,0.019344,0.019344,0
20171211,0700,ZECZ17,0.019344,0.018998,0.018998,0.018998,1
20171211,0800,ZECZ17,0.018998,0.018755,0.018755,0.018755,1
20171211,0900,ZECZ17,0.018755,0.018754,0.018751,0.018751,40
20171211,1000,ZECZ17,0.018751,0.018751,0.018751,0.018751,0
20171211,1100,ZECZ17,0.018751,0.018751,0.018751,0.018751,0
20171211,1200,ZECZ17,0.018751,0.01923,0.019229,0.01923,10
20171211,1300,ZECZ17,0.01923,0.019534,0.019534,0.019534,10
20171211,1400,ZECZ17,0.019534,0.019534,0.019534,0.019534,0
20171211,1500,ZECZ17,0.019534,0.019196,0.019196,0.019196,1
20171211,1600,ZECZ17,0.019196,0.019196,0.019196,0.019196,0
20171211,1700,ZECZ17,0.019196,0.019482,0.019257,0.019482,30
20171211,1800,ZECZ17,0.019482,0.019482,0.019482,0.019482,0
20171211,1900,ZECZ17,0.019482,0.019482,0.019482,0.019482,0
20171211,2000,ZECZ17,0.019482,0.019482,0.019482,0.019482,0
20171211,2100,ZECZ17,0.019482,0.018832,0.017284,0.018832,27
20171211,2200,ZECZ17,0.018832,0.018878,0.018528,0.018878,20
20171211,2300,ZECZ17,0.018878,0.018878,0.018878,0.018878,0
20171212,0000,ZECZ17,0.018878,0.018878,0.018878,0.018878,0
20171212,0100,ZECZ17,0.018878,0.018878,0.018878,0.018878,0
20171212,0200,ZECZ17,0.018878,0.018878,0.018878,0.018878,0
20171212,0300,ZECZ17,0.018878,0.02024,0.02024,0.02024,30
20171212,0400,ZECZ17,0.02024,0.0221,0.020055,0.020789,490
20171212,0500,ZECZ17,0.020789,0.02151,0.02097,0.02147,37
20171212,0600,ZECZ17,0.02147,0.02151,0.021032,0.02151,142
20171212,0700,ZECZ17,0.02151,0.020763,0.020761,0.020761,55
20171212,0800,ZECZ17,0.020761,0.021,0.020505,0.020505,301
20171212,0900,ZECZ17,0.020505,0.020861,0.020465,0.020861,12
20171212,1000,ZECZ17,0.020861,0.020373,0.019901,0.020349,14
20171212,1100,ZECZ17,0.020349,0.019902,0.019902,0.019902,1
20171212,1200,ZECZ17,0.019902,0.020824,0.020328,0.020824,57
20171212,1300,ZECZ17,0.020824,0.021018,0.02042,0.020892,42
20171212,1400,ZECZ17,0.020892,0.0212,0.019901,0.02044,345
20171212,1500,ZECZ17,0.02044,0.021148,0.020422,0.021148,54
20171212,1600,ZECZ17,0.021148,0.022,0.020838,0.021836,88
20171212,1700,ZECZ17,0.021836,0.022754,0.021003,0.021606,46
20171212,1800,ZECZ17,0.021606,0.022676,0.021005,0.021005,346
20171212,1900,ZECZ17,0.021005,0.022,0.019918,0.021944,217
20171212,2000,ZECZ17,0.021944,0.021108,0.0209,0.02099,43
20171212,2100,ZECZ17,0.02099,0.023218,0.021879,0.022581,121
20171212,2200,ZECZ17,0.022581,0.022253,0.02109,0.022253,117
20171212,2300,ZECZ17,0.022253,0.02224,0.021226,0.021556,15
20171213,0000,ZECZ17,0.021556,0.024799,0.022144,0.02352,354
20171213,0100,ZECZ17,0.02352,0.023106,0.021835,0.021835,285
20171213,0200,ZECZ17,0.021835,0.024634,0.022753,0.0239,82
20171213,0300,ZECZ17,0.0239,0.024,0.022101,0.022101,65
20171213,0400,ZECZ17,0.022101,0.023423,0.022646,0.023417,37
20171213,0500,ZECZ17,0.023417,0.023111,0.022805,0.02305,9
20171213,0600,ZECZ17,0.02305,0.02304,0.0228,0.022909,65
20171213,0700,ZECZ17,0.022909,0.022909,0.022909,0.022909,0
20171213,0800,ZECZ17,0.022909,0.023059,0.022501,0.02251,26
20171213,0900,ZECZ17,0.02251,0.023631,0.022888,0.023631,167
20171213,1000,ZECZ17,0.023631,0.0257,0.023631,0.0257,713
20171213,1100,ZECZ17,0.0257,0.025929,0.024866,0.025315,176
20171213,1200,ZECZ17,0.025315,0.025826,0.024859,0.025826,117
20171213,1300,ZECZ17,0.025826,0.024958,0.02374,0.02374,273
20171213,1400,ZECZ17,0.02374,0.025105,0.02374,0.025105,60
20171213,1500,ZECZ17,0.025105,0.02587,0.023904,0.02587,94
20171213,1600,ZECZ17,0.02587,0.027299,0.025002,0.026374,246
20171213,1700,ZECZ17,0.026374,0.026954,0.025751,0.026859,109
20171213,1800,ZECZ17,0.026859,0.025582,0.024012,0.024012,50
20171213,1900,ZECZ17,0.024012,0.024449,0.024012,0.024127,109
20171213,2000,ZECZ17,0.024127,0.025928,0.025204,0.025916,28
20171213,2100,ZECZ17,0.025916,0.02546,0.02466,0.02466,47
20171213,2200,ZECZ17,0.02466,0.026344,0.024787,0.025879,22
20171213,2300,ZECZ17,0.025879,0.026902,0.02545,0.026902,147
20171214,0000,ZECZ17,0.026902,0.028175,0.026403,0.026789,143
20171214,0100,ZECZ17,0.026789,0.027883,0.027497,0.027653,21
20171214,0200,ZECZ17,0.027653,0.031909,0.027084,0.031013,385
20171214,0300,ZECZ17,0.031013,0.032554,0.03001,0.030258,182
20171214,0400,ZECZ17,0.030258,0.031649,0.030141,0.031645,75
20171214,0500,ZECZ17,0.031645,0.031649,0.031006,0.031006,24
20171214,0600,ZECZ17,0.031006,0.031645,0.029549,0.030699,33
20171214,0700,ZECZ17,0.030699,0.031599,0.03,0.03086,172
20171214,0800,ZECZ17,0.03086,0.031499,0.030013,0.030639,33
20171214,0900,ZECZ17,0.030639,0.030018,0.027682,0.028676,185
20171214,1000,ZECZ17,0.028676,0.029619,0.028709,0.028777,117
20171214,1100,ZECZ17,0.028777,0.029299,0.028046,0.029299,66
20171214,1200,ZECZ17,0.029299,0.029169,0.028585,0.029168,10
20171214,1300,ZECZ17,0.029168,0.029068,0.028583,0.028583,44
20171214,1400,ZECZ17,0.028583,0.029391,0.027082,0.029391,166
20171214,1500,ZECZ17,0.029391,0.029732,0.028075,0.02953,124
20171214,1600,ZECZ17,0.02953,0.031234,0.028232,0.028444,72
20171214,1700,ZECZ17,0.028444,0.0317,0.029889,0.030771,108
20171214,1800,ZECZ17,0.030771,0.031777,0.029932,0.030956,156
20171214,1900,ZECZ17,0.030956,0.031999,0.03054,0.03054,45
20171214,2000,ZECZ17,0.03054,0.031061,0.030399,0.030399,42
20171214,2100,ZECZ17,0.030399,0.034843,0.03159,0.03425,158
20171214,2200,ZECZ17,0.03425,0.0346,0.03202,0.032639,81
20171214,2300,ZECZ17,0.032639,0.034995,0.03228,0.034994,129
20171215,0000,ZECZ17,0.034994,0.034985,0.031901,0.033319,126
20171215,0100,ZECZ17,0.033319,0.032861,0.027081,0.027101,324
20171215,0200,ZECZ17,0.027101,0.030123,0.025696,0.025696,289
20171215,0300,ZECZ17,0.025696,0.026999,0.0242,0.0244,402
20171215,0400,ZECZ17,0.0244,0.027798,0.024712,0.025502,143
20171215,0500,ZECZ17,0.025502,0.028133,0.025702,0.025702,15
20171215,0600,ZECZ17,0.025702,0.025702,0.025512,0.025515,33
20171215,0700,ZECZ17,0.025515,0.02768,0.026699,0.02768,26
20171215,0800,ZECZ17,0.02768,0.027903,0.026568,0.027903,8
20171215,0900,ZECZ17,0.027903,0.027904,0.027226,0.027226,85
20171215,1000,ZECZ17,0.027226,0.028246,0.025502,0.025502,61
20171215,1100,ZECZ17,0.025502,0.025501,0.024415,0.024863,127
20171215,1200,ZECZ17,0.024863,0.025405,0.024135,0.024664,129
20171215,1300,ZECZ17,0.024664,0.02562,0.024619,0.024861,98
20171215,1400,ZECZ17,0.024861,0.026463,0.025466,0.02646,22
20171215,1500,ZECZ17,0.02646,0.026368,0.025434,0.025434,3
20171215,1600,ZECZ17,0.025434,0.027855,0.02694,0.027855,114
20171215,1700,ZECZ17,0.027855,0.02745,0.026999,0.02745,41
20171215,1800,ZECZ17,0.02745,0.026374,0.026374,0.026374,3
20171215,1900,ZECZ17,0.026374,0.027504,0.027504,0.027504,1
20171215,2000,ZECZ17,0.027504,0.02715,0.026042,0.02715,4
20171215,2100,ZECZ17,0.02715,0.02715,0.02715,0.02715,0
20171215,2200,ZECZ17,0.02715,0.02715,0.02715,0.02715,0
20171215,2300,ZECZ17,0.02715,0.027149,0.026706,0.02674,135
20171216,0000,ZECZ17,0.02674,0.027664,0.027149,0.027664,19
20171216,0100,ZECZ17,0.027664,0.028311,0.02745,0.028311,103
20171216,0200,ZECZ17,0.028311,0.029099,0.027781,0.029099,135
20171216,0300,ZECZ17,0.029099,0.0291,0.028098,0.028104,229
20171216,0400,ZECZ17,0.028104,0.028104,0.028104,0.028104,0
20171216,0500,ZECZ17,0.028104,0.029727,0.028104,0.028982,103
20171216,0600,ZECZ17,0.028982,0.029033,0.028101,0.028101,11
20171216,0700,ZECZ17,0.028101,0.028101,0.027071,0.027071,146
20171216,0800,ZECZ17,0.027071,0.027092,0.026999,0.026999,36
20171216,0900,ZECZ17,0.026999,0.02715,0.02715,0.02715,1
20171216,1000,ZECZ17,0.02715,0.026727,0.026415,0.026727,18
20171216,1100,ZECZ17,0.026727,0.026727,0.026727,0.026727,0
20171216,1200,ZECZ17,0.026727,0.026513,0.026513,0.026513,2
20171216,1300,ZECZ17,0.026513,0.027306,0.027306,0.027306,9
20171216,1400,ZECZ17,0.027306,0.026875,0.0262,0.0262,46
20171216,1500,ZECZ17,0.0262,0.0261,0.026075,0.026075,6
20171216,1600,ZECZ17,0.026075,0.026111,0.025229,0.025483,61
20171216,1700,ZECZ17,0.025483,0.026428,0.025002,0.025537,19
20171216,1800,ZECZ17,0.025537,0.026048,0.025412,0.02604,15
20171216,1900,ZECZ17,0.02604,0.025586,0.025019,0.025586,9
20171216,2000,ZECZ17,0.025586,0.025005,0.023941,0.023944,27
20171216,2100,ZECZ17,0.023944,0.02423,0.024125,0.024125,2
20171216,2200,ZECZ17,0.024125,0.025145,0.025052,0.025145,3
20171216,2300,ZECZ17,0.025145,0.025038,0.0247,0.02492,9
20171217,0000,ZECZ17,0.02492,0.024749,0.023877,0.024749,19
20171217,0100,ZECZ17,0.024749,0.025984,0.024409,0.0254,67
20171217,0200,ZECZ17,0.0254,0.025999,0.024851,0.024851,34
20171217,0300,ZECZ17,0.024851,0.024851,0.024851,0.024851,0
20171217,0400,ZECZ17,0.024851,0.024851,0.024851,0.024851,0
20171217,0500,ZECZ17,0.024851,0.024851,0.024851,0.024851,0
20171217,0600,ZECZ17,0.024851,0.02633,0.025264,0.025264,14
20171217,0700,ZECZ17,0.025264,0.02688,0.02688,0.02688,11
20171217,0800,ZECZ17,0.02688,0.02688,0.02688,0.02688,0
20171217,0900,ZECZ17,0.02688,0.025714,0.025251,0.025251,8
20171217,1000,ZECZ17,0.025251,0.025251,0.025251,0.025251,0
20171217,1100,ZECZ17,0.025251,0.025662,0.025662,0.025662,2
20171217,1200,ZECZ17,0.025662,0.02555,0.02555,0.02555,3
20171217,1300,ZECZ17,0.02555,0.025505,0.025505,0.025505,3
20171217,1400,ZECZ17,0.025505,0.025736,0.025736,0.025736,3
20171217,1500,ZECZ17,0.025736,0.027999,0.026329,0.026329,81
20171217,1600,ZECZ17,0.026329,0.027974,0.027817,0.027823,101
20171217,1700,ZECZ17,0.027823,0.027578,0.026935,0.0272,28
20171217,1800,ZECZ17,0.0272,0.028763,0.027995,0.028763,50
20171217,1900,ZECZ17,0.028763,0.029497,0.028719,0.029497,55
20171217,2000,ZECZ17,0.029497,0.029496,0.029493,0.029493,52
20171217,2100,ZECZ17,0.029493,0.026898,0.026501,0.026502,106
20171217,2200,ZECZ17,0.026502,0.029198,0.026501,0.027655,66
20171217,2300,ZECZ17,0.027655,0.0291,0.026522,0.026523,95
20171218,0000,ZECZ17,0.026523,0.029211,0.027833,0.029211,233
20171218,0100,ZECZ17,0.029211,0.028135,0.027797,0.028119,7
20171218,0200,ZECZ17,0.028119,0.027797,0.02768,0.02768,54
20171218,0300,ZECZ17,0.02768,0.02768,0.02768,0.02768,0
20171218,0400,ZECZ17,0.02768,0.028841,0.028841,0.028841,1
20171218,0500,ZECZ17,0.028841,0.027719,0.027719,0.027719,2
20171218,0600,ZECZ17,0.027719,0.028137,0.028137,0.028137,5
20171218,0700,ZECZ17,0.028137,0.02772,0.027719,0.02772,9
20171218,0800,ZECZ17,0.02772,0.02772,0.02772,0.02772,0
20171218,0900,ZECZ17,0.02772,0.02772,0.02772,0.02772,1
20171218,1000,ZECZ17,0.02772,0.029067,0.02897,0.029067,6
20171218,1100,ZECZ17,0.029067,0.028555,0.028554,0.028554,4
20171218,1200,ZECZ17,0.028554,0.029499,0.0289,0.029,65
20171218,1300,ZECZ17,0.029,0.028555,0.028555,0.028555,8
20171218,1400,ZECZ17,0.028555,0.029455,0.028555,0.028555,4
20171218,1500,ZECZ17,0.028555,0.028949,0.028652,0.028652,44
20171218,1600,ZECZ17,0.028652,0.028751,0.028556,0.028556,11
20171218,1700,ZECZ17,0.028556,0.0295,0.028749,0.0295,153
20171218,1800,ZECZ17,0.0295,0.031996,0.029999,0.03142,219
20171218,1900,ZECZ17,0.03142,0.031498,0.030486,0.031498,46
20171218,2000,ZECZ17,0.031498,0.0315,0.030645,0.0314,166
20171218,2100,ZECZ17,0.0314,0.0314,0.03135,0.0314,110
20171218,2200,ZECZ17,0.0314,0.032,0.031111,0.032,92
20171218,2300,ZECZ17,0.032,0.032245,0.03146,0.03146,45
20171219,0000,ZECZ17,0.03146,0.0319,0.029601,0.031632,101
20171219,0100,ZECZ17,0.031632,0.03088,0.029613,0.029613,105
20171219,0200,ZECZ17,0.029613,0.031011,0.029601,0.031,77
20171219,0300,ZECZ17,0.031,0.031011,0.030333,0.031011,26
20171219,0400,ZECZ17,0.031011,0.031574,0.031574,0.031574,2
20171219,0500,ZECZ17,0.031574,0.031025,0.030453,0.030453,27
20171219,0600,ZECZ17,0.030453,0.031585,0.031362,0.031585,100
20171219,0700,ZECZ17,0.031585,0.031474,0.030942,0.030942,2
20171219,0800,ZECZ17,0.030942,0.0318,0.031016,0.0318,51
20171219,0900,ZECZ17,0.0318,0.0318,0.031679,0.031679,72
20171219,1000,ZECZ17,0.031679,0.032476,0.031902,0.031902,55
20171219,1100,ZECZ17,0.031902,0.033147,0.030501,0.030501,24
20171219,1200,ZECZ17,0.030501,0.032987,0.03049,0.031232,36
20171219,1300,ZECZ17,0.031232,0.032784,0.032098,0.032098,250
20171219,1400,ZECZ17,0.032098,0.032453,0.031776,0.032307,61
20171219,1500,ZECZ17,0.032307,0.032758,0.032303,0.032758,15
20171219,1600,ZECZ17,0.032758,0.031787,0.031409,0.031781,64
20171219,1700,ZECZ17,0.031781,0.031906,0.030715,0.03189,77
20171219,1800,ZECZ17,0.03189,0.032474,0.031999,0.032472,85
20171219,1900,ZECZ17,0.032472,0.0344,0.032472,0.033996,165
20171219,2000,ZECZ17,0.033996,0.036,0.0344,0.035556,231
